feature,module,A,fdr
NBL1,1,2.892296846112661,0.0
PLA2G5,1,1.8216306748934366,0.0
PATJ,1,1.1210394986404153,0.0
PTGER3,1,1.2912069360979177,0.0
NTNG1,1,1.8392478469250158,0.0
GSTM3,1,1.2482215043233404,2.287109714853831e-238
OLFML3,1,1.4908037835108168,0.0
NOTCH2,1,1.2806403203552668,0.0
SELENBP1,1,0.9166230209473454,5.0911343237817633e-284
FLG-AS1,1,0.8864290692931832,0.0
KRTCAP2,1,0.8051202402336837,7.956572317603801e-11
TSTD1,1,1.8950517242388067,6.376340967188409e-180
FCER1G,1,1.2117101094958191,0.0
ATP1B1,1,2.0666532612895634,0.0
SLC9C2,1,4.421297580470088,1.844268988286821e-235
QSOX1,1,1.7028851867351955,0.0
HHAT,1,1.2093204072893704,0.0
AGT,1,5.313022533602259,2.593919036365727e-05
LRATD1,1,1.025475454758047,0.0
AC008170.1,1,1.7497285672732474,5.530926626890067e-90
CYP1B1,1,2.2193112575340583,0.0
EPCAM,1,0.5843821940022788,3.0938628714795003e-16
C2orf74,1,0.6686975733188151,2.5194238919235063e-15
IL18R1,1,1.1017758626821403,0.0
CFC1,1,0.4984306149843922,6.243405473686814e-60
AC097448.1,1,0.8904280045229902,2.572728120964239e-65
SLC40A1,1,2.7161436040442437,0.0
AC006460.2,1,2.9532318757779255,0.0
GPBAR1,1,1.9051109609584849,0.0
EPHA4,1,2.638768845933238,0.0
ITM2C,1,1.9201175045037047,0.0
ASB1,1,2.3385322673978344,2.9268324052678872e-33
CNTN6,1,1.7964066280878557,0.0
AC069277.1,1,5.51547614119461,1.0219346299346344e-06
RBMS3-AS2,1,0.8025468254710258,4.882958277863352e-143
EIF1B-AS1,1,0.6156122409750295,3.2422947087126317e-114
CLEC3B,1,2.3727235430670897,0.0
INKA1,1,1.2086632595720959,2.2701134296961184e-39
LINC00960,1,3.1831011804758904,2.2925057571533197e-47
TMEM45A,1,2.3122372966805367,4.986076262517121e-246
ADCY5,1,0.5248969311795051,8.368570952982651e-11
MASP1,1,2.200987710996963,0.0
C4orf48,1,2.100017433870576,0.0
NSG1,1,2.643784611754854,0.0
GUCY1B1,1,1.0766707985845854,0.0
AC021088.1,1,3.4198292046456813,4.891118914639013e-209
SEMA5A,1,1.7474726669495968,0.0
LIX1-AS1,1,0.5759404233170333,1.4548111584010144e-23
LINC01340,1,1.4156151427052293,1.3249819375090091e-07
NREP-AS1,1,1.2545559778202784,8.540133769790146e-146
PDGFRB,1,1.2665285854436856,0.0
FOXC1,1,1.7457950123729842,0.0
TUBB2B,1,1.201964608583209,7.451216881590188e-216
RIPOR2,1,3.4786440626418482,4.288628014720744e-93
SCGN,1,1.1284963267508696,0.0
SLC17A3,1,0.6728551274611287,3.842235561243898e-74
TMEM14A,1,1.771325869579613,1.8742050330757835e-81
NT5E,1,1.2465764685407597,0.0
DCBLD1,1,2.467026194658212,0.0
AL138828.1,1,1.005705060117872,2.6014328695668507e-113
AC018647.1,1,5.614527795192097,1.207728345186333e-07
AC083864.5,1,1.8426905627033303,0.0
ELMO1-AS1,1,1.8454304802663128,9.467626423428905e-26
CCL26,1,0.9011121471489028,2.4589103107998773e-23
CACNA2D1,1,1.9806695015909486,0.0
ADAM22,1,1.1903535802734337,1.2269271706104301e-178
SPDYE2,1,0.8299245676952671,4.2913801189749037e-19
MEST,1,2.2301853843346073,0.0
MYOM2,1,0.6099187333190879,1.50577754462179e-19
SCARA3,1,1.9627769552474652,0.0
EIF4EBP1,1,1.658279606762974,1.8688042485567532e-233
SFRP1,1,1.8053518094897507,0.0
AC015522.1,1,0.6859912724253572,2.5347687719346217e-131
RALYL,1,1.5255227343016236,0.0
CTHRC1,1,2.1656593616258575,0.0
CCN3,1,0.6255193373073806,4.952700669335195e-46
TMEM71,1,0.6393824322946762,1.4338335435113078e-33
CCN4,1,0.6337822209471047,1.9758492978773016e-100
LYPD2,1,2.8887348868383236,0.0
PPP1R16A,1,0.6020910079115962,4.096726003848446e-06
AL162231.1,1,4.931743329891463,5.138553819957818e-16
GNA14-AS1,1,0.8990183319741474,1.141473658781063e-129
AL355987.4,1,4.965821255169392,2.5485303278808128e-08
AKR1C3,1,0.9440297127712959,1.0172052032478808e-272
AL353586.1,1,0.8153051625309566,3.5569949807523036e-182
CCDC3,1,1.5067323303015916,0.0
MYO3A,1,0.5685645681379188,8.67457803604168e-79
PLAC9,1,2.1314290716643725,0.0
GUCY1A2,1,1.0064291052708654,0.0
CD9,1,1.6163102681680732,0.0
ART4,1,1.1324960089559442,0.0
MGP,1,2.388523566387247,0.0
AC024901.1,1,0.7607372930476966,1.1661002502901429e-20
TMEM106C,1,2.271125720334455,3.057310127732263e-151
PRANCR,1,0.9632549577494134,1.08227582556127e-43
ANO4,1,0.6937141080290898,1.6789653145376318e-141
HSPB8,1,1.7749219623065422,5.08193248913348e-136
COX6A1,1,1.599145477434825,3.714460428666298e-05
LINC02343,1,6.440136205825031,8.720489318163527e-12
LHFPL6,1,2.946154141241464,0.0
CYSLTR2,1,2.1905078129063558,0.0
MZT1,1,0.9232395098088872,4.6095180723537035e-110
EDNRB,1,1.8817221180311534,0.0
MDGA2,1,1.4508216119580184,1.7525842968192224e-91
SMOC1,1,1.6955223005985247,0.0
GABRG3,1,1.558322050185474,2.99082904058124e-18
UNC13C,1,1.2010921027787782,1.7887546062034065e-42
LOXL1,1,0.8752143103633647,1.1501303164375946e-141
CSPG4,1,0.9822275062012163,3.3897823818984577e-43
CHSY1,1,2.3495199073233435,0.0
LITAF,1,1.6337769518742442,0.0
ACSM3,1,3.9351900194090446,6.008931694012254e-167
SULT1A1,1,1.4512458426338462,1.957854077429409e-173
SALL1,1,1.197603373604198,0.0
CDH11,1,1.983278447626322,0.0
LINC00922,1,1.2288374976928038,2.9134228981503437e-22
TPPP3,1,0.9984554159510759,8.558774873705208e-242
ARHGAP44,1,1.0524144181972046,2.8165197847543955e-226
TMEM100,1,3.3107888278682682,0.0
SEPTIN4,1,1.5134264752399325,4.6990093248321606e-82
GPRC5C,1,1.55756293723426,8.673016217837647e-206
SETBP1,1,1.5682357278175414,0.0
CBLN2,1,1.547371790494403,0.0
DPP9-AS1,1,0.6213343342502629,3.4243329437573954e-06
PLVAP,1,1.916051471257949,0.0
ISYNA1,1,1.9506426167316329,0.0
COX7A1,1,0.7945664023369488,6.849658072768776e-22
PPP1R14A,1,2.644984870043154,0.0
APOE,1,1.7361619324108957,0.0
AC022137.4,1,0.8445948112587133,1.3414631321579735e-88
EPS8L1,1,2.9913343458557105,9.11962465383565e-43
GNRH2,1,1.15777874621752,2.260186108511639e-12
MRPS26,1,0.970143909367879,1.2566026705943755e-215
OXT,1,0.32064934230768705,5.412773895945556e-08
COX4I2,1,0.5287558428616378,1.4763240879047695e-43
MAFB,1,1.0500926007602214,2.2271861491426973e-196
PLTP,1,1.533357720101984,0.0
DOK5,1,1.4686243697611399,0.0
KCNQ2,1,0.896961495826757,7.638924849651944e-126
SAMSN1,1,1.2806246693480507,8.724012622886693e-287
SRPX,1,2.354191094017991,0.0
CENPVL3,1,0.3573298555950153,6.016640960453571e-13
NHSL2,1,1.3230743483658483,0.0
ARMCX2,1,2.5407613012977324,0.0
PWWP3B,1,3.057246864341759,6.352480961113067e-227
XACT,1,1.398949762035448,1.977176706186832e-23
SLITRK4,1,1.046873700352896,0.0
BGN,1,1.7672969465265473,0.0
COLEC11,1,2.201873759074164,0.0
RASGEF1B,1,1.3923838140468456,0.0
AC010343.3,1,1.3051816080734415,5.0747021357435265e-144
AL355312.3,1,4.265819310938125,1.6925329026725675e-132
IL33,1,1.6708025047738522,0.0
TMEM141,1,1.1102468226436708,6.532993133596626e-171
PAMR1,1,3.0097581150190473,0.0
WNT11,1,1.6139525191891495,0.0
GRAMD1B,1,2.2047374498290866,2.0780029629265607e-179
NDUFA4L2,1,1.6638460383590106,0.0
NTN1,1,1.9163895777533007,0.0
ARL4D,1,1.8333911924632404,0.0
TOM1L1,1,1.7202572662099027,6.116648574211669e-34
CLEC11A,1,1.5992456967769075,0.0
CHCHD10,1,1.2466346696810786,1.887576544376745e-278
TMEM163,1,1.3361540883468428,0.0
PLXDC1,1,0.9414517102457238,8.625374564332163e-132
AC245297.2,1,1.864860800603161,1.385558189234334e-10
AL355472.3,1,2.1791900403296505,1.3693452211766602e-26
NPPA,1,1.4923342269332733,1.5223787799139183e-112
NPPB,1,0.5991867461696082,2.019233712858516e-14
FABP3,1,0.6634734309324146,1.7789150511096424e-41
AL596087.1,1,3.388121559835721,1.3435902950743919e-33
TNNT2,1,0.7457840823594712,3.78201567592726e-84
TNNI1,1,1.1723285307906568,1.0574050867775554e-80
MYL3,1,1.074781283325084,4.1935966438401924e-108
TNNC1,1,1.1409129598840215,2.8650868808629047e-121
MYOZ2,1,0.6317269326367339,7.492463781130668e-19
SNHG18,1,3.2849691020800265,0.0
AC010260.1,1,1.3310761630626462,5.060710580837533e-170
LINC00243,1,0.5108170421159263,3.3960017050233504e-07
SNHG32,1,1.9648933943845113,1.3792339393398804e-278
PLN,1,0.9265602929722445,3.74685316716082e-30
MYL7,1,1.4235784110709526,6.416754833646116e-166
PCOLCE,1,0.6080377167990457,2.705197388958978e-26
SMIM30,1,1.071714614843939,2.1513879888425416e-49
BAALC,1,1.7134709676040007,0.0
AL392089.1,1,1.457895662614206,3.8636553036061472e-109
PPIF,1,1.2943794798232413,2.1893578064295767e-20
CSRP3,1,0.6506366749527224,5.654230392851774e-28
AC138123.1,1,1.3708672411697602,6.656328656561327e-34
C12orf75,1,1.5217285698971328,2.086564165142797e-101
MYL2,1,1.0422441862675988,3.084349335324864e-60
MYH6,1,0.576209540884718,5.341594701383669e-23
FITM1,1,1.1552079208184975,2.036984609907733e-09
ACTC1,1,1.2055481607453296,1.3726811301335393e-142
TPM1,1,1.1769024969298196,6.223079761763174e-241
KCNK6,1,2.046354914958294,0.0
CKM,1,1.180389316400883,2.853723249659375e-19
TNNI3,1,0.735718274158618,2.708525265668188e-53
SNTA1,1,0.5515847449038973,7.797520840131299e-30
AL121845.3,1,3.2833602206816677,7.30580331691288e-31
SH3BGR,1,2.283141046354523,2.8490150772011692e-09
GATD3A,1,0.7116683903468457,4.418286272270745e-06
LINC01315,1,1.0223242440448543,5.435734713099938e-06
SAT1,1,1.6909326307296748,0.0
AC011043.1,1,3.0285584961726637,9.805012802680698e-25
OLFM3,1,1.4120393353661373,2.737106454020484e-238
AC239799.2,1,0.6799486976959433,1.524866007297855e-35
GREM2,1,1.2275327550129624,1.0195496392870988e-95
LIX1,1,2.600244558161652,3.69364741397229e-41
KRT8,1,3.3389706660235827,2.017356568900303e-161
KRT18,1,1.666332358008038,0.0
DCLK1,1,1.4963572153352998,0.0
TRPC4,1,1.3137045688448554,2.090461022826715e-86
AL049779.4,1,2.5590407935777346,1.3374454413047212e-112
AC068724.4,1,1.0123234414734967,1.51080050353309e-41
IRX3,1,1.6718306233684983,0.0
MT1F,1,0.8199347141963995,1.0464129707012711e-54
PYCR1,1,1.0615058758234008,3.0591317486144295e-161
LINC01896,1,1.3926673294005787,0.0
CNN1,1,0.7411289345036534,1.6371070158224383e-53
APOC1,1,1.6379404819254133,0.0
ODF3B,1,2.268899303959711,4.840399736166224e-159
SHISA3,1,1.997569082072305,1.3528774846961511e-194
SMIM3,1,2.060542118723575,0.0
ATRNL1,1,1.3980272543837295,0.0
CYGB,1,1.0540836142399135,1.7933892028303813e-123
TYMP,1,1.136490932048438,6.035155260208208e-127
SLFNL1,1,2.670748947730669,1.1309231669458946e-07
NGF,1,0.8808781972470627,4.874035971508411e-103
AC253572.1,1,2.4161452630515736,1.570829939336061e-52
AC012447.1,1,0.8560709049783283,5.252358144731157e-13
TWIST2,1,2.9748229544257994,3.6881432722471507e-203
CD24,1,1.2672380734911433,2.032625368554793e-267
NCOA7,1,3.1399327511545136,0.0
RARRES2,1,1.8240814872423208,9.458044166734189e-92
SLC7A2,1,0.996282705002866,0.0
SDC2,1,2.959295736828658,8.601276853020146e-248
AKR1C1,1,6.4688970826331715,6.54392813556971e-143
FJX1,1,1.5637613753136357,7.897567031738842e-192
CTSC,1,1.2893886674480468,0.0
FGF23,1,1.0178584151732193,3.58022418250507e-163
KCNJ8,1,2.819403614123013,2.4673310865907118e-24
TMC5,1,1.1326487749317031,7.718997713803977e-177
HS3ST2,1,1.525226724656037,0.0
COL1A1,1,2.266498135719411,0.0
ADCYAP1,1,1.2514772997237014,2.601932351756247e-250
GGT5,1,2.1933188225553293,4.068839622063087e-168
GPM6B,1,0.7981077169509112,4.9775294258965534e-172
BX119927.1,1,1.552524343260158,5.157032059932253e-122
KCNE4,1,1.5143841750594897,3.828340809341066e-106
CSF1R,1,0.8785926547027875,1.6796326523205674e-76
AL445584.2,1,1.9844619178735878,6.187973782207734e-10
PAPPA,1,1.8220563933473055,0.0
GFRA1,1,1.0983537723280439,7.115892900628526e-189
LINC02552,1,4.930429321785274,5.6102885180999056e-12
IGFBP6,1,1.18906231097663,8.800252638812004e-71
LUM,1,1.1192054973950882,1.8739224522967238e-53
HIF1A-AS3,1,2.9691887044034573,2.145774042769764e-52
AC012593.1,1,0.3005652611644446,4.0026930951657416e-09
DES,1,0.9167109439172447,6.98583161228281e-24
AIF1,1,3.869106178067746,6.211839495477464e-85
AC090204.1,1,1.2986815536757472,0.0
ZNF511,1,0.6921802563457343,2.2953224487144757e-05
CLDN10,1,1.0438018870915764,2.145349275077747e-108
COCH,1,0.9188670306428051,4.9862489110475695e-11
MYL4,1,0.9961926507376734,7.848922549653561e-112
DCXR,1,1.1331165167931172,6.429448605670719e-79
C19orf48,1,0.9093046028732694,7.22149826926365e-49
SMPX,1,1.2115437735573462,6.729987701171405e-14
HTR2C,1,3.084724488120031,2.1884200509482015e-14
AGTR2,1,0.9425223339928142,5.794446681651147e-231
MEGF6,1,1.0908974971180716,3.696447737849329e-218
HSPB7,1,1.6529703091527748,5.268938566594466e-46
HMCN1,1,1.726248835130538,0.0
PLA2G4A,1,1.0662107254022573,0.0
EMILIN1,1,2.2107112657375376,0.0
LINC01320,1,1.3270015543799778,0.0
ANTXR1,1,0.71878477731629,1.8389044772632638e-82
AC011246.1,1,1.8501472869400812,1.3808477061605954e-79
THSD7B,1,1.1930924318708453,0.0
ZEB2,1,1.473362172936108,0.0
CSRNP3,1,1.035434203474609,2.2393300712124813e-133
KLHL23,1,2.408225475484965,0.0
AC007319.1,1,1.2631385105689072,7.019856302782198e-264
COL3A1,1,2.1881335449102766,0.0
FN1,1,2.0735207381054597,0.0
MYRIP,1,1.5454802022202079,0.0
ROBO2,1,2.7105226130734406,3.4760670916192317e-196
PLXNA1,1,0.5061864235478027,8.61437652728278e-28
PLD1,1,1.401485921225263,0.0
NAALADL2,1,2.2628932728249556,0.0
ST6GAL1,1,1.3504966371388378,0.0
PCDH7,1,2.106612535923771,0.0
AC097716.1,1,0.9986898083434605,1.4850313417960025e-251
KCTD8,1,1.2379596740997023,0.0
SHROOM3,1,0.7159131829919649,6.265145830799552e-27
MAPK10,1,1.123232618849634,1.5130292735197444e-222
PTPN13,1,1.6822611623571042,0.0
CCSER1,1,1.7425944463782583,0.0
BMPR1B,1,1.5859682070563537,0.0
UNC5C,1,1.5462216437520417,0.0
GAB1,1,2.3496957265819303,0.0
LINC01098,1,0.8599435892702678,4.2737061045279e-227
LINC01099,1,1.2323257472315814,0.0
NPR3,1,2.7755154823667794,0.0
PRLR,1,1.1686568919739249,0.0
APC,1,1.191585883243755,0.0
SNCAIP,1,1.6132330759590068,0.0
MGC32805,1,4.2310811052187045,4.871518887446275e-72
KLHL3,1,1.205817190140937,0.0
COL23A1,1,1.8951507708113815,0.0
ENPP1,1,1.6387197901083776,0.0
ADGRG6,1,2.8469690553935476,0.0
BMPER,1,1.7080129022619501,0.0
SUGCT,1,0.9961037887276958,3.268571411440866e-174
PGAM2,1,0.6059200980616875,3.554420078910583e-13
AEBP1,1,0.7539583778547898,3.4834867009335873e-146
PLXNA4,1,1.823498090008306,0.0
NRG1,1,2.057573216090688,0.0
UNC5D,1,0.8620380585030362,9.187469250626232e-193
AC105230.1,1,0.9104706793165778,4.933066207915848e-62
FAM110B,1,1.6789290232631868,0.0
CYP7B1,1,0.8989965932055654,9.558185043694636e-241
RIMS2,1,0.9236928823850061,0.0
KANK1,1,1.6568035297604897,0.0
DAPK1,1,1.9397118221621859,0.0
EPB41L4B,1,1.0946936442334718,0.0
ITGA8,1,2.3719827702111456,0.0
MALRD1,1,0.5088173459020502,3.9317278010110754e-45
PRKG1,1,1.9510368644129537,0.0
PCDH15,1,1.968939230146611,0.0
AL353784.1,1,0.8097891057253577,6.39944312888673e-91
CTNNA3,1,0.9599416747974542,2.0291947675924197e-92
SLC16A12,1,0.9581457385262833,4.027585666261728e-273
PLCE1,1,1.6050435424919165,0.0
SORCS1,1,1.7915805911840943,0.0
ADAM12,1,1.4577270297288212,0.0
AC087280.2,1,1.3116158677221716,2.010074942773776e-148
SPON1,1,1.320522800881969,0.0
AC006299.1,1,1.4011227952429133,0.0
LINC02718,1,2.1549379684199206,0.0
LINC02726,1,1.985475479277637,1.0031334241159039e-158
MYBPC3,1,0.42567374070129504,1.564720663989359e-05
CEP126,1,1.8747114348718081,0.0
OPCML,1,2.2604661730699522,0.0
EPS8,1,2.8055663830465187,0.0
PDE3A,1,2.7197904846423677,0.0
KIF21A,1,1.962505913841837,0.0
LRIG3,1,1.634936973276644,0.0
E2F7,1,0.9208589057443548,1.8257503094793192e-271
NAV3,1,2.252784591272288,0.0
TMEM132C,1,1.6742380460188455,0.0
ATP8A2,1,2.3172668447083966,2.1097428171558658e-274
MTUS2,1,1.1920478719334615,0.0
AL139383.1,1,1.154896743580497,3.0376472108470915e-126
POSTN,1,2.3523467617642915,0.0
MMP14,1,1.0766959906265892,1.0540244639975786e-138
MYH7,1,0.899017070736672,1.658227522132066e-24
MIPOL1,1,1.2500057460003922,0.0
LRFN5,1,1.5814406479958207,4.41242589880291e-85
CGNL1,1,2.308425341783144,0.0
CA12,1,1.254149092553355,0.0
THSD4,1,1.9283597693810572,0.0
AC012409.2,1,1.2193685570335573,3.1255500100163384e-201
NR2F2-AS1,1,2.8934223710661144,0.0
AC087564.1,1,1.06264398625982,0.0
ENO3,1,0.5032072480879329,4.96086508591929e-06
TCAP,1,0.6402956867416519,2.3369992884444075e-06
ABCA8,1,1.6031218841457586,0.0
ABCA9,1,0.7871483247042275,8.794829888502085e-89
AP000829.1,1,0.6709712494991023,5.50547679761532e-83
DSC2,1,1.5964379370327735,0.0
DSG2,1,0.9140666345800676,5.139737189919763e-230
SALL3,1,1.4368543098202604,0.0
TLE2,1,1.1756936939176357,0.0
RCN3,1,1.4713407401252894,2.08333863099668e-233
ENTPD6,1,1.4969804406706513,8.616562108601888e-27
APCDD1L,1,2.772065374517988,2.5969215552810194e-266
MAOA,1,1.0235717313100454,0.0
DACH2,1,1.4896248109924164,0.0
KLHL4,1,1.2747676025024357,0.0
ZSWIM5,1,1.6488730050282738,0.0
LEPR,1,1.9713131397546289,0.0
NEXN,1,0.72172422239573,5.759611716675429e-189
LINC00869,1,0.7527898432008002,2.7345086052339454e-76
PBX1,1,2.87689870675572,9.166410744313734e-216
PTGS2,1,1.6592688551626915,0.0
LINC02770,1,1.1463863667247873,3.1864640383544507e-14
FMOD,1,1.474676284284143,0.0
ESRRG,1,1.7099035329207615,7.960710610760533e-204
ACTN2,1,0.5289844733248563,2.299791119887881e-32
KIF26B,1,1.5772647971807001,0.0
BIRC6-AS2,1,0.48858940433015974,4.497443241676452e-31
IL1RL1,1,2.7404275310825943,1.2530248266869176e-272
NCKAP5,1,2.2740709602102456,0.0
LYPD6,1,1.7806779647414208,1.7637240375841139e-214
GALNT13,1,1.7549951543818691,0.0
AC073050.1,1,3.5362821600575507,4.068107290756395e-136
COL6A3,1,1.8951224490114837,5.016903349700516e-274
GPC1,1,0.856576131763112,2.508929827137189e-32
ZNF385D,1,1.1968190733230406,9.975596744078094e-69
CCDC80,1,2.8228766374836116,0.0
LSAMP,1,2.2259481313357194,0.0
LSAMP-AS1,1,1.5525646128243549,5.79248434991104e-45
LINC00903,1,2.2352390371906727,1.494866229040769e-43
AC092691.1,1,1.7337823149737863,0.0
KCNMB2,1,2.3421305559088292,0.0
KCNMB2-AS1,1,2.215492957406078,1.0377008791474204e-203
PDGFRA,1,2.5620886825864204,0.0
UGT8,1,1.2609504496115331,4.719238398908002e-258
PDE5A,1,0.9643397511456849,3.207418786279313e-50
C7,1,1.883121823545641,0.0
FBN2,1,2.82218686491606,0.0
SLC27A6,1,1.4338560967556573,9.847260703742904e-95
CAP2,1,3.1738690563077623,1.193281977608228e-44
H1-2,1,3.09438752154624,8.87075971139358e-37
H2AC6,1,1.1728729281685766,2.8136120082325544e-154
TNFRSF21,1,2.5854055427796574,6.03790376120844e-192
HDDC2,1,1.2436193258313248,4.925375597983936e-204
PACRG,1,1.4836388495760648,1.5957528231400767e-145
TWIST1,1,0.9644088225595356,3.173717275599978e-190
NSUN5P2,1,0.4467111724602084,6.663471399860758e-11
MAGI2,1,1.8537017405058358,0.0
COL26A1,1,2.153130326451246,0.0
FOXP2,1,2.2585214138416383,0.0
CPQ,1,1.392187915451185,0.0
COL14A1,1,3.2020843543091653,0.0
HAS2,1,4.479866675416775,0.0
HAS2-AS1,1,3.274384658262024,8.70079433065737e-255
AC037486.1,1,0.5884827477581986,2.7055413902908218e-06
AL135923.2,1,0.6867839266728443,1.616279375387759e-119
PTPRD,1,1.4185260314543888,0.0
PIP5K1B,1,0.7045577851042769,3.5329120695481884e-138
PSAT1,1,3.7915147138973,1.9729473976480795e-156
GAS1,1,1.6707030918513728,3.6511070694579913e-186
ROR2,1,1.443988884238495,4.967523528334765e-184
BAMBI,1,1.7641663019371234,0.0
ANK3,1,1.565988566594637,6.552146764361033e-218
RNLS,1,3.8224067972050646,3.59285484804429e-129
FGFR2,1,1.675631638690712,6.99193439203363e-196
SCT,1,4.410874776688902,8.68405125086659e-59
LGR4,1,1.5577447148068753,0.0
AC021723.2,1,3.1548364258892154,2.7614728002708316e-19
LRRC4C,1,2.100015473655762,0.0
SESN3,1,2.2482282237635776,0.0
MIR100HG,1,3.0849886058040985,0.0
RASSF8,1,1.305715703534899,0.0
AL162713.2,1,1.878685816324937,3.6127334187735345e-12
IRS2,1,1.1742124100099098,0.0
SLC25A21,1,0.7712794534551641,1.6446068761436202e-56
AL359232.1,1,1.2202802388721379,1.5276388817860297e-32
AC008056.2,1,0.7956346839955257,3.6368288921403307e-12
SORD,1,2.4395168556276774,1.530428544094874e-178
AC023905.1,1,3.7891397494870858,8.990710065044549e-64
AC012404.1,1,1.8142620672262395,2.793101644412508e-200
QPRT,1,1.8634209927035432,3.540280494147914e-30
SLC6A4,1,2.6075978925577545,0.0
DLGAP1,1,1.6710256680952535,0.0
GATA6-AS1,1,1.1084166115969893,2.9007960183194814e-110
GATA6,1,1.465245046801987,0.0
KCTD1,1,2.6252171072647106,1.9992581668786796e-18
GAMT,1,0.8336302991546836,2.669166442882994e-33
SYNGR1,1,1.233316743173905,1.188781942564771e-105
BIK,1,1.7155382942415514,3.3087958729785784e-205
TRO,1,0.9538947725413878,1.2492086827321199e-50
XIST,1,1.680948338431521,0.0
BX284668.5,1,1.0908544901302568,8.719588308575685e-89
PLA2G2A,1,0.9453218723940778,1.9037989695569729e-22
GBP4,1,1.6269846700015829,7.091163921979107e-106
ECM1,1,1.7572552694136332,6.915578074400404e-61
CTSK,1,3.604100399701175,0.0
MLLT11,1,1.9218677907693194,3.163776755373355e-28
THBS3,1,1.0770460021373411,1.7448089766470203e-264
CRABP2,1,3.778012677930958,0.0
ITLN1,1,0.9427057550057536,2.842379388845208e-33
G0S2,1,0.9393770671441505,6.22831895932277e-71
SLC30A10,1,1.0473109752093732,6.200688583500443e-51
H2AW,1,3.6006453629976876,4.082102338638126e-150
KLHL29,1,1.5492584686693935,0.0
THNSL2,1,4.57856289198218,3.0865204945438e-33
GLI2,1,0.5236489474051809,6.071305956064483e-15
C2orf88,1,2.922883677514476,0.0
CHPF,1,0.9465249716640398,5.974295150433888e-90
OBSL1,1,1.9677739812435249,3.622520613812405e-80
NPPC,1,2.930762797465831,0.0
RAMP1,1,2.1899563421842188,3.391484592819178e-05
CNTN4,1,1.7250274589437247,0.0
PLCD1,1,3.063279574780979,0.0
PRICKLE2,1,1.774810632309583,7.956002825076057e-201
LRIG1,1,1.7247456694625884,0.0
ROBO1,1,3.081163593968462,0.0
FAM162A,1,0.9906489537879244,6.236404201910685e-99
TMEM108,1,1.9766557757499437,0.0
SLCO2A1,1,2.562685100183896,0.0
TIPARP,1,1.773684033731219,2.7540129485941312e-210
FGFR3,1,1.4709661103749947,0.0
DANCR,1,1.2497666627904194,4.2367848826316063e-79
UBA6-AS1,1,1.9574308857992073,2.3218642944985804e-121
SNCA,1,2.1509304015607507,0.0
HSPA4L,1,1.3237338760266044,8.297039880331934e-143
RNF150,1,1.0583744122712833,6.33497596505974e-141
AC139720.1,1,0.46223814178105316,5.278531931396592e-08
HAND2,1,1.8359271254577327,0.0
HAND2-AS1,1,1.7002469366490556,0.0
SLC25A4,1,0.8255144411056733,3.404573352404275e-16
PDLIM3,1,3.1082153580157423,0.0
MIR4458HG,1,3.647481481101205,2.263839453707961e-14
VCAN,1,3.4428816145839036,0.0
HAPLN1,1,2.641361336218031,0.0
RN7SKP295,1,0.7630857999034755,7.389401161206116e-57
EDIL3,1,1.9389922959819614,0.0
EDIL3-DT,1,1.167605557062067,2.6115322695575387e-56
CD14,1,2.223447447748131,6.68516600732114e-152
HIGD2A,1,2.5851829694798076,2.105326362137748e-05
SERPINB1,1,1.8061917229531401,0.0
SERPINB9,1,1.5485200954558198,3.358356646674321e-271
IER3,1,3.5179475996581298,0.0
DNPH1,1,1.855288766301339,2.602749104465354e-129
CITED2,1,1.0193804464676766,3.117523144162336e-108
PLAGL1,1,0.9419305636501099,4.800720632400379e-83
PPP1R14C,1,0.8555950285925,1.0376860038921807e-05
TIAM2,1,1.515966275789548,2.143213543445904e-277
AC010719.1,1,2.13872682116301,2.5734192248474147e-09
TBX20,1,2.136575519752216,0.0
INHBA,1,5.9482258609442855,0.0
HGF,1,0.8737156634206052,5.397998916767239e-128
PDK4,1,3.3385481770347267,2.9171024370632727e-122
LINC00513,1,3.543701832440681,2.4059878596207253e-149
AKR1B1,1,2.493063287201058,0.0
XKR6,1,2.524610446605482,8.278592679718956e-261
GATA4,1,2.0067278794452585,0.0
STMN2,1,0.7908815731205652,4.3512691268915824e-16
GEM,1,1.1250687114935127,2.748589705078533e-190
LRATD2,1,1.4780942349594164,1.3769965499852616e-104
PVT1,1,2.015406797565951,0.0
SPAG8,1,7.446486405534275,7.745456899908481e-06
TOMM5,1,1.0833944266373141,4.266967033620936e-33
TRPM3,1,1.8263449352983077,3.802603649666356e-202
CEMIP2,1,1.7100323131633117,0.0
ASPN,1,2.5006465359859753,0.0
MEGF9,1,2.207388777421204,2.0094960383125682e-190
LCN15,1,2.845699884055709,4.91883789997164e-141
BICC1,1,2.6551115723786163,0.0
NRG3,1,3.465914814481842,0.0
BMPR1A,1,1.5985029738664354,0.0
ADIRF,1,4.77752296415442,0.0
NPM3,1,2.3231877381373103,5.694006008410486e-38
CPXM2,1,3.9837969466381655,0.0
MRPL23,1,1.0632117556737994,4.785831771038794e-129
HBE1,1,1.469822869098561,2.053302637039505e-54
DKK3,1,2.009057636163527,0.0
MICAL2,1,2.5668339681928964,0.0
BBOX1-AS1,1,2.752571794983515,6.823579030540392e-11
SLN,1,0.4968057165109924,1.5729289814200418e-07
CRYAB,1,2.1863362268584137,1.4232823078798345e-195
HSPB2,1,0.7974926107828374,1.2952772626622482e-40
NRGN,1,1.7811301603137089,0.0
FEZ1,1,2.0551395434674804,5.25396362982443e-205
B4GALNT3,1,0.42993435798193647,4.337952639061509e-06
FBXL14,1,0.7654130504951537,1.4042617978464502e-31
H2AJ,1,1.6634743946203407,0.0
RERG,1,0.6286116639276839,4.420566343450738e-10
HELB,1,0.9400126359211267,1.8188532736502532e-196
PAWR,1,1.4577233082126106,5.738665748999779e-101
PPFIA2,1,2.3182854240310657,2.5443119343161555e-262
ALDH2,1,2.1571602769848544,0.0
FRY,1,2.592292461771467,5.227463928921382e-203
EMC9,1,0.8737218862570546,7.938830149258276e-13
ARG2,1,1.4243729591193495,3.0258493632960726e-209
IFI27L2,1,1.3874852371520487,2.3846158758243926e-205
CRIP1,1,1.2929153323477494,2.2792890122776746e-185
MEIS2,1,2.933738292093282,0.0
AC018362.3,1,0.7614535697372327,6.70962138355653e-16
GATM,1,0.8292671884813323,3.493869026567553e-11
ALDH1A2,1,4.394909065586585,1.005114941589803e-271
TMED3,1,1.600299857521505,0.0
SNRNP25,1,0.7141200030724466,1.4325750411500466e-32
MCRIP2,1,0.4579833394936641,1.509687095123448e-14
SNHG9,1,1.0417244463071498,7.006085011995468e-44
SNHG19,1,1.819453855666172,2.4368283680224163e-80
PRKCB,1,2.681160149718424,0.0
MT1E,1,1.6979640591608485,2.217832519129285e-16
SMTNL2,1,1.9714144468682802,0.0
UNC45B,1,0.38284943527352916,8.559561367505834e-06
P3H4,1,2.0801180790537313,5.484043367755818e-185
MRC2,1,1.9192785055092367,0.0
SOX9,1,1.5181634312288363,1.5427411448096244e-30
SLC39A11,1,1.8486393006269233,1.1219824794662166e-244
PTPRS,1,1.6728562509135325,0.0
FXYD1,1,2.132716857390834,1.9558028612823734e-33
AXL,1,1.2035643326806587,3.730103755576654e-77
EMP3,1,2.4834455637078445,0.0
CPXM1,1,2.31235769718581,0.0
SYNDIG1,1,2.0710379145669657,6.397059175436349e-188
REM1,1,1.7930363149086521,1.9359338182627812e-227
PTGIS,1,2.295996903276273,0.0
TIAM1,1,1.3887269064049215,0.0
TSPO,1,1.8120051287682062,0.0
KCNE5,1,0.9798360470490064,4.4871209663498695e-21
DANT2,1,1.167094600264108,0.0
C1orf56,1,1.0865804009122184,2.6467313774445565e-10
CCDC200,1,0.8398814116227762,3.2339330939558077e-45
CCDC8,1,1.1491230891533475,1.3204080319312088e-07
TGFBR3,1,1.407342274920751,0.0
MDH1,1,0.814715199886884,4.4836129554646066e-36
TFPI,1,2.3609151240828092,0.0
PLSCR4,1,2.1890400372791876,0.0
ADAMTS12,1,1.7369754988318786,0.0
NR2F1-AS1,1,2.036154849752687,0.0
AC112196.1,1,1.0373277995191108,6.03585827450552e-08
AL355612.1,1,0.9409159004058965,1.2646243897373455e-113
SDK1,1,1.8375258151712728,0.0
RADIL,1,1.37635324369155,0.0
CLU,1,2.2544441390505456,0.0
SBSPON,1,0.8796118141709768,0.0
GNA14,1,1.3895256768652118,0.0
MSRB2,1,1.7742126779093073,6.542335747414101e-67
BNIP3,1,3.2994505279657758,5.9651977370721795e-202
MGST1,1,2.314174727598613,1.1905485479220438e-174
ACOT2,1,0.4485478048125757,4.068127350549658e-05
NEO1,1,1.2695286721187633,0.0
FOXC2,1,1.4274261031346116,0.0
GAS7,1,1.318690071284718,1.1840403546456965e-263
COLEC12,1,2.015099331296528,0.0
PLEKHJ1,1,1.3155195949478848,7.174960049571979e-51
COL4A6,1,0.7927698257713871,1.3854901929717966e-82
COL4A5,1,1.6033954820557423,0.0
SEPTIN6,1,2.236550935955851,0.0
ASPG,1,3.5051865853323014,2.1016886513995642e-05
FADS6,1,10.444174838366852,2.7371844285056905e-14
PNCK,1,3.669883981489658,8.252468200058596e-17
ITGA10,1,2.292776401992035,1.0768842699442259e-191
REN,1,0.7615724308906776,1.3872623123345e-30
OBSCN,1,2.3068937422140356,1.4168992371917898e-28
USP39,1,1.013878298779422,3.1544602552467804e-08
LINC00881,1,1.5470070644473473,2.1611173636117e-07
MCUB,1,1.8248110078457613,0.0
ANKRD33B,1,0.8890119838732478,9.12576382107029e-89
LINC02211,1,0.7120774992822401,3.986394468980515e-06
SPOCK1,1,1.3023307246162312,2.5229437164349814e-116
AL353759.1,1,0.6392029834972844,3.1271809234270552e-12
CPED1,1,1.372168855577377,5.057382134104223e-268
KHDRBS3,1,1.2482577769232166,2.821809123648216e-187
SFXN2,1,0.6030783611233103,4.757555210602624e-22
ANGPTL4,1,1.6386221750419714,9.097824160830135e-104
AP000311.1,1,1.6437383807300254,1.2147777830297877e-67
PLOD1,1,1.4357058494458155,4.0757396675855285e-199
PHGDH,1,0.6662983011450803,3.1753637920617176e-18
ACKR3,1,3.612894176266688,0.0
WAKMAR2,1,1.7523139514002497,1.9899185828816697e-108
PAPSS2,1,1.502802721905719,7.223785146999953e-145
PPM1H,1,2.1428291150398664,2.2849552677414403e-232
AL008633.1,1,1.2700213568196785,6.974176438743416e-96
AL583785.1,1,1.7238661119928582,0.0
TMEM178A,1,1.4634801792689385,3.4602043379469546e-230
ADAMTSL1,1,1.5093926692885247,0.0
HES4,1,1.5105284747716055,0.0
AC009961.1,1,1.506211352535028,6.411655579618804e-32
PALLD,1,1.8219181609477073,0.0
THSD7A,1,2.712768995518944,0.0
DDIT4,1,1.315445115426222,1.762476634138005e-35
KCTD12,1,2.2001624136624818,0.0
SLC44A5,1,2.3776818006647447,0.0
LINC01725,1,0.8499827121612543,1.5599355752571338e-19
AC245014.3,1,0.7512409131084692,2.5062077254694243e-21
MEIS1,1,4.529912033600719,8.719841836270832e-170
LRP1B,1,2.4115286488144143,7.210445917582061e-15
FIGN,1,1.2592544105402097,8.303510392006837e-32
STAB1,1,1.094137320710988,5.670468444619639e-134
CADM2,1,0.6565019226764034,3.1397346307919266e-34
NLGN1,1,2.2396844906852293,0.0
COL25A1,1,1.815375847101612,0.0
USP53,1,1.244081049258038,2.2307511644260657e-173
PCDH18,1,3.14999965620789,4.8693509723986594e-05
GUCY1A1,1,1.6164569966188653,0.0
AC097518.2,1,1.0263079332965301,3.884399775204511e-18
BASP1,1,2.24813611824683,2.203919531873203e-152
PLCXD3,1,3.3141146281386136,3.396272773818719e-197
SLIT3,1,4.537499924079475,0.0
CARMIL1,1,1.337513033491018,0.0
HLA-DRB1,1,1.13705873503274,2.014609083492501e-28
HMGCLL1,1,3.0581570431108402,3.537316714437188e-160
WIPF3,1,6.63331638386962,6.340226548487481e-76
COL1A2,1,1.8246164002804892,0.0
KCND2,1,2.6582956856802054,1.3023326155471776e-08
SMARCD3,1,0.6343546591335429,7.078153767668091e-23
SAMD12,1,1.3320578727089871,0.0
AL158206.1,1,2.245408664391241,7.3044325776677495e-96
IL11RA,1,1.956844993247914,0.0
TPM2,1,1.2378208321431703,6.319189091613554e-133
LRRTM3,1,4.011671415799928,6.872071742692031e-05
PLEKHA7,1,1.7995733734232875,5.716614321304731e-26
TAGLN,1,1.1741699870906173,3.895591192771475e-44
PKNOX2,1,3.53445302970603,0.0
LINC02398,1,0.4863406306589862,1.1692733768365851e-29
BCAT1,1,2.069126112100317,0.0
PKP2,1,0.3745421026110077,1.8774352131719104e-20
LINC00871,1,1.0471591727595875,9.112268656894846e-07
ADSS1,1,2.634222497362467,8.54053718281422e-06
SEMA6D,1,2.889808113810668,0.0
MYEF2,1,1.1165903761974507,0.0
SH3GL3,1,1.3991532367144563,1.1655720154288902e-95
SLCO3A1,1,1.578879182824458,2.3754078009584608e-132
MMP28,1,1.9120639345509005,0.0
PROCR,1,1.7772402156551088,0.0
MMP24,1,0.8496506588828199,1.677576647713855e-08
TGM2,1,2.341975508425154,0.0
MIR99AHG,1,2.8150806121861125,0.0
SELENOM,1,0.740037422121887,6.734712048058269e-88
PIR,1,0.8410828928552818,2.4329836214991806e-216
BMX,1,1.6585870931287228,0.0
NHS,1,1.2066942561167715,0.0
KLHL13,1,4.643529619125426,0.0
GPC3,1,6.786502943791004,1.514526447933844e-07
AC079584.1,2,2.460442014471327,5.2545699692131384e-11
NAIPP3,2,2.0171108079667026,7.840586257221433e-05
FST,2,1.5326036049064138,1.34027676742669e-113
MEGF10,2,1.4556412650279347,1.6607693791906961e-74
EYA4,2,0.9824371340636795,1.0523942898882652e-28
TAFA5,2,1.0455489265213338,1.9977577213487512e-35
LINC01876,2,3.505919025803594,1.1469872769918235e-52
RAPGEF4,2,1.521438738251328,3.776936183045943e-132
MCF2L2,2,1.1468882079630756,2.1492264355611814e-33
P3H2,2,4.222110577188644,5.879807382094666e-82
CPEB4,2,1.6397662774825472,8.581557467855886e-99
SEMA3D,2,2.5289569148323023,0.0
NCAM1,2,1.7460035490981953,9.927452911883732e-172
TBC1D4,2,1.8036124289044206,0.0
PELI2,2,2.2830930450568516,0.0
AC013474.2,2,3.3599611201737396,2.390682179920642e-15
MXRA8,2,1.655037289240493,2.0800796912315846e-247
LINC01346,2,4.556008279840875,6.42714104055429e-41
PDPN,2,4.59843024004244,0.0
EPHB2,2,1.884745669940552,4.2870773159155e-219
CD52,2,0.8691241999102395,4.974456377478048e-38
LAPTM5,2,3.280999627682391,0.0
ECHDC2,2,0.8157892283050614,2.0935321627663723e-22
LINC01748,2,2.907824360239332,0.0
AC099792.1,2,3.615675271925592,0.0
NFIA-AS2,2,2.219269989397051,0.0
GNG12,2,2.252830116154347,0.0
LINC01768,2,1.3805016579209486,2.1757239495499764e-107
PROX1-AS1,2,3.4439934316886878,0.0
PROX1,2,3.705658324183461,0.0
TGFB2,2,0.8210376430540788,1.863099481780606e-57
DNAH14,2,1.9024498677387465,0.0
SNTG2,2,3.3168928880256807,0.0
AC093912.1,2,1.3694777961609814,0.0
TRIM54,2,0.6024661123960592,1.4490279081759618e-06
EFEMP1,2,3.0784923856398385,2.14103173852415e-230
LINC01828,2,5.3775764719826205,1.8377837290895312e-05
REEP1,2,4.057827479676897,0.0
ANKRD36BP2,2,4.095180038064994,0.0
ST6GAL2,2,2.747394166090304,6.103174862289547e-50
CCDC74B,2,0.6761160040899706,2.6112571395389856e-11
SCN3A,2,2.0138126603333086,2.9428533207319497e-238
HOXD3,2,3.7815019225243804,0.0
TTN,2,0.9230763593007019,3.0418141768068716e-31
CCDC141,2,1.3893490701029447,5.564598859742135e-168
PDE1A,2,1.6799419590598461,8.331885298320523e-199
FRZB,2,2.0446865687061058,2.665820596096351e-236
ADAM23,2,0.8372252307266574,3.259122456808718e-33
SRGAP3,2,1.4634357945007876,9.259208796981044e-122
MUSTN1,2,2.9538617962145866,0.0
FHIT,2,1.7094830728890966,0.0
MITF,2,1.9963559558794906,4.681830132890839e-274
ST3GAL6,2,2.3835421580536558,3.189607702555667e-200
CD200,2,2.481241364913469,0.0
EPHB1,2,2.2054384488814076,0.0
SLC9A9,2,2.94826615665751,0.0
VEPH1,2,1.881836641688923,9.99556881445188e-190
PTX3,2,4.653062161476434,0.0
TNIK,2,1.4760942600161564,1.1987397718139668e-200
TP63,2,0.7560033712387173,6.920089180404814e-13
PIGX,2,0.843227074675039,6.67752955826761e-07
STK32B,2,2.5059325241590895,0.0
S100P,2,2.8497523010339547,0.0
SOD3,2,1.0596522825307326,4.810494461615164e-22
BMP2K,2,2.235328851867555,0.0
MMRN1,2,4.21898962091564,0.0
TSPAN5,2,1.9685953492485897,0.0
CFI,2,2.695670893660317,0.0
ANK2,2,7.100506165805567,7.410339511057615e-76
AC097528.1,2,0.6349306942914807,1.4966065467175392e-28
INPP4B,2,1.364739030959206,6.529502256145798e-202
NR3C2,2,1.0923252146844762,2.2771228593266477e-88
FAM160A1,2,1.3453039270842893,2.5396218604243177e-84
PDGFC,2,2.3494542155563223,0.0
TLL1,2,3.331312717143198,0.0
SPOCK3,2,1.7247076479570886,6.837636763068961e-215
GPM6A,2,5.633573502919861,0.0
TENM3,2,1.3905079423458004,5.583225941044431e-148
SLC9A3-AS1,2,0.6214290118377724,1.4653354974648861e-21
OTULINL,2,1.6080101232052961,1.0481848347616192e-55
PARP8,2,1.1203213916718067,1.984867009332661e-40
CARTPT,2,0.6689349390438526,7.400231964310277e-27
TMEM161B-AS1,2,0.9509389054960788,2.321841724007264e-08
NR2F1,2,3.280195370605533,0.0
LINC01950,2,0.6891873278633962,2.562203034137056e-13
EFNA5,2,4.196782694629032,0.0
SEMA6A-AS1,2,1.0369421784353472,1.117780144145461e-40
LINC02147,2,1.972656943598988,3.85198963307546e-242
ZNF608,2,0.9786339069758437,1.0432270218428968e-89
VTRNA1-3,2,0.5155521050923348,9.37967535064502e-05
CD74,2,1.8878784170965814,1.0198449860073336e-264
SGCD,2,4.005770962233163,0.0
KCNIP1,2,2.8629238818088467,0.0
FLT4,2,2.6290656326132793,0.0
SLC22A23,2,2.7394668980712753,0.0
DSP,2,2.6708639930701032,0.0
GCNT2,2,1.6354723917798835,0.0
AL021917.1,2,10.099101449523543,1.0297160136260496e-19
TSBP1-AS1,2,1.7342568288956908,1.7987250673132866e-177
HLA-DRA,2,0.6685051950877192,1.0840410333576723e-13
AL121974.1,2,3.3019448996362053,0.0
GJA1,2,2.880827558736752,0.0
PERP,2,0.8511090524847739,3.3261798569998563e-48
ARL4A,2,3.665851069127907,0.0
ITGB8,2,2.334929592796315,0.0
OSBPL3,2,1.1634130502656903,4.950381052902526e-84
SKAP2,2,1.9446110880060534,1.2640728109552436e-222
PCLO,2,3.8574690058725807,0.0
SEMA3A,2,3.111318396192058,0.0
PEG10,2,1.384841707464959,5.8899418446529515e-117
PPP1R9A,2,1.9853851128773767,0.0
SLC26A5,2,1.6024370613474135,2.7847513311766487e-12
RELN,2,5.419138250190787,0.0
FLNC,2,1.1839164426634339,3.528932104737038e-54
CNTNAP2-AS1,2,0.7122994548363091,5.3113429688419996e-20
GIMAP4,2,2.0670479011239373,0.0
PRKAG2,2,2.3462211975401344,0.0
DPP6,2,1.2233269074435258,2.0175350604821072e-97
TRMT9B,2,3.77986679250898,0.0
DOCK5,2,3.589951871596185,0.0
AC068931.1,2,0.6452069363032731,2.4434002282413724e-14
RAB11FIP1,2,2.414488268627949,0.0
ZMAT4,2,1.0722003460653717,4.004660670758291e-47
EYA1,2,1.6504606044580774,3.874870630718546e-160
ZFHX4,2,3.4044037040883124,2.9763784093507867e-32
PKIA,2,1.3071919307317696,4.53825191057038e-127
IL7,2,4.490717581620641,0.0
AC083837.1,2,4.544262182659918,0.0
TPD52,2,1.4463709592262384,1.0041413813669208e-225
MATN2,2,2.3741244150136613,0.0
NIPAL2,2,1.3850874733679577,1.299127886417073e-49
ZFPM2,2,2.0467030110968647,0.0
ZFPM2-AS1,2,1.4563164979190266,5.0282842074984876e-158
PKHD1L1,2,2.756394824620849,0.0
TRPS1,2,1.2940923349884073,3.013013049022437e-176
LINC01151,2,1.0004937777933105,9.593691741140639e-41
CCDC26,2,2.537235399996266,0.0
AC103833.2,2,3.061829623848748,0.0
DOCK8,2,3.9967066804944813,0.0
GLIS3,2,3.6647554718473474,0.0
CCL21,2,4.743291403216259,0.0
PGM5P2,2,3.3667140824754953,0.0
CNTNAP3B,2,2.7009830662215597,0.0
PGM5,2,2.6057383798833826,0.0
PGM5-AS1,2,2.5176870693536433,0.0
FAM189A2,2,3.1745138560674744,0.0
ALDH1A1,2,2.275757066992659,0.0
AL591368.1,2,0.991618518453019,2.0767410459245867e-08
CTSL,2,2.6936363926637523,0.0
LINC01505,2,1.6345048529688546,5.339387430379627e-08
KIAA1958,2,1.2778275344299552,4.981071728905007e-130
MORN5,2,1.0582833451907123,1.5407633418233166e-59
NR6A1,2,1.183170483780642,3.5786523484993095e-101
MRC1,2,3.761324495572276,0.0
MPP7,2,5.1374511862379055,0.0
GDF10,2,1.1399407878827679,3.0227193492170676e-222
LINC01515,2,1.964929565869748,4.382350593328967e-191
PCBD1,2,2.6268368819441434,0.0
PRXL2A,2,2.3638109736593647,0.0
PTPRE,2,2.756610651640786,0.0
CRACR2B,2,1.8123920395311077,2.55874901523574e-200
MMP26,2,1.027814341998166,8.858255038039321e-06
STK33,2,1.1922029939191114,3.890784923065916e-130
LYVE1,2,5.365294830764841,0.0
ANO5,2,2.3472983873512088,0.0
AC044839.1,2,0.6527651872861685,2.2383414888863174e-13
SERPING1,2,2.1894191676381913,0.0
GLYATL1,2,0.896256540681615,7.35001607653618e-52
AP001636.3,2,2.264838978822913,0.0
GNG3,2,2.904938914528663,2.724137993461056e-12
NEAT1,2,2.561287641854875,0.0
AP003086.1,2,1.6161859308919142,6.442813036502266e-45
PRSS23,2,2.600227441356171,0.0
TRPC6,2,3.295552163390766,0.0
CDON,2,0.972060322382315,1.1218952778488907e-42
KIRREL3,2,0.7849348322675207,2.2729184273638222e-58
PIK3C2G,2,2.702466239861132,0.0
AC024940.1,2,3.6762650504183325,0.0
TMEM117,2,1.3902065013931668,4.166804335990852e-38
SLC38A1,2,3.372539649835027,0.0
SLC38A4,2,3.5327137845150443,0.0
CSRP2,2,1.4863789065316566,3.046132736444227e-77
RASSF9,2,3.112171511541308,1.5411642967705252e-271
NTS,2,6.036495149335673,0.0
CFAP54,2,0.7196671022919339,2.685703454707371e-32
IGF1,2,3.805598517777535,0.0
STAB2,2,5.185754047451425,0.0
AC007368.1,2,1.2021565439740947,1.3587464560269113e-72
SLC7A1,2,1.6589118660648507,3.379778930948287e-243
GPR183,2,1.2791960114602565,2.860476400696732e-06
CLYBL,2,0.9850751181600238,1.6179855456188582e-34
AL137139.2,2,1.7071703684842894,0.0
ZIC2,2,2.2196002749945154,0.0
NALCN,2,3.463030492838074,0.0
STXBP6,2,1.6430873078671608,4.030929666796216e-275
NPAS3,2,2.0272898874397765,0.0
AC004817.5,2,0.5556783577725475,3.5935672720953307e-06
STON2,2,5.441047771073945,0.0
FLRT2,2,3.4660970171769567,0.0
TC2N,2,3.563775854623865,0.0
AC013652.1,2,6.852970235076768,1.0963249614743944e-10
THBS1,2,5.672871041700148,0.0
SCG3,2,1.7940469664180663,2.2362135063227225e-194
LINC01197,2,8.685903826753716,0.0
NR2F2,2,2.2978534831996016,0.0
NUPR1,2,3.267438476665352,0.0
MT2A,2,1.2342222988484441,4.920122676068809e-153
WWOX,2,1.6755978372245575,2.393636988092032e-62
MAF,2,3.183241364718546,0.0
COTL1,2,1.6262328804520878,5.879690326444008e-274
LINC00324,2,1.229969126645797,8.053224604024429e-65
MFAP4,2,2.483864582278305,0.0
CCL14,2,5.949247861858698,0.0
GJD3,2,3.3009302518223347,0.0
KRT23,2,1.0717607532936924,2.1841725612086234e-59
PRKCA,2,1.4825923020424976,8.910644898732496e-133
SPHK1,2,3.977170548746462,0.0
BAIAP2,2,1.3560439147441585,1.7689618625367494e-95
L3MBTL4,2,3.1427112362953986,0.0
RAB31,2,1.6457972461593688,2.0351477068059335e-241
PIEZO2,2,2.283123692996514,0.0
CCDC102B,2,2.4817287450304644,0.0
PARD6G,2,4.2813173541459895,0.0
GDF15,2,1.8039562602124015,2.9053358479010313e-92
PLA2G4C,2,2.7695702857795377,3.2078384721745865e-261
ADAM33,2,0.6399200549744434,9.539795900396179e-11
CDC25B,2,1.1346799654144997,4.589340616057746e-93
MACROD2,2,1.1905787923315887,3.675416102707991e-152
RALGAPA2,2,2.397068831150845,0.0
SULF2,2,1.8693436996735917,0.0
TSHZ2,2,3.1240681436827393,0.0
AL109930.1,2,2.412985640172071,0.0
MIR646HG,2,0.8597781732663368,9.419061343871285e-28
CDH4,2,2.1890211828760933,3.6941575955756385e-66
CXADR,2,3.920614408023896,0.0
CHODL,2,0.7345824085903294,5.924086839313269e-10
D21S2088E,2,1.072066675805941,3.7893395475904483e-76
GRIK1,2,1.0744116718862122,5.434106894413992e-68
TFF3,2,5.3332831874964866,0.0
TSPEAR,2,4.135690689689707,0.0
GP1BB,2,0.8112328300473853,8.083863548548366e-33
TBX1,2,4.966407597357412,0.0
MTFP1,2,0.5440891346181055,7.079705120111034e-16
NLGN4X,2,2.4323468802190917,0.0
MID1,2,2.0331224532741725,3.7497464612601385e-31
AC112493.1,2,0.45221769937454714,4.669321866179746e-05
LONRF3,2,1.397425375032093,1.7947727899924545e-84
SPANXA2-OT1,2,0.5861674759673964,6.404187552231416e-05
AC026585.1,2,3.2986202921381675,3.558359993241109e-08
SCN9A,2,2.7955343452524835,2.2367501035636612e-132
TNFSF10,2,3.022355907624565,0.0
ANGPT2,2,2.919759706831187,1.1293904725225918e-287
SCAMP5,2,1.562216379693933,9.207061526890207e-80
CCDC13-AS1,2,2.648474958665105,7.813383977307762e-12
CDC14B,2,1.0350290813619176,1.6974639114720919e-116
SEMA5B,2,0.8002965999333118,6.84968066047235e-28
NPNT,2,1.7636144527360307,6.2185652518044185e-249
PDE4D,2,2.277737852719821,0.0
RASSF4,2,1.3631247701547022,1.9724376516828456e-35
SEPTIN5,2,1.1702561521426016,1.1509741017545261e-40
DHRS3,2,2.0770334834441893,2.445154923500804e-211
CDH12,2,0.7739803901173856,8.499138145410381e-08
LOX,2,1.9093869164720318,2.9934784817012352e-251
RIMS1,2,0.7364118950974412,1.5409832860766855e-15
SAMD5,2,3.4845072182076184,4.821630608480768e-182
AL033504.1,2,1.2672419237277532,6.492723026275306e-130
AC090578.1,2,0.793545759086029,4.520170452268596e-44
TMTC1,2,2.1744722700534633,0.0
HAPLN3,2,1.8423029558574773,0.0
COL9A3,2,1.8166590851557585,1.6714780533688207e-287
AC079142.1,2,1.4036454661943705,5.052571447558814e-19
ANGPTL1,3,0.8587662762162911,6.492793266818829e-44
LZTS1,3,0.4775288480217532,7.417972044351509e-08
AC138466.5,3,7.775802541998033,3.117619677131619e-101
NRXN3,3,1.1787828264250366,0.0
CLIC6,3,14.32651393306871,2.1686886588083048e-31
AK5,3,3.611801945882693,3.704257589922875e-64
EDARADD,3,0.6948706138575107,1.5209400035530664e-07
LYPD1,3,3.0758817357178128,3.996348058739371e-32
FSTL4,3,1.113658423978817,1.2278302504854545e-99
EPHA7,3,4.511883293031801,6.041517441866276e-126
GLCCI1,3,1.089403803010278,3.656203584603119e-13
AC023282.1,3,0.8132533695733635,2.254455420709137e-27
ESRRAP2,3,4.992780770004973,4.987346262584305e-12
AC011471.4,3,2.191237212171922,2.0878958150788107e-12
KCNJ6,3,0.89525092781309,3.226146061112654e-06
AL139220.2,3,0.6118724938904994,2.404938592367318e-07
RGS16,3,1.3216085875630306,7.322487330969143e-75
RHOU,3,1.5843494045646493,0.0
MXD1,3,0.9132201062010236,5.8146245559896634e-39
DUSP2,3,1.1238680656423545,1.0685839234495246e-78
AC068051.1,3,0.7944566702246361,4.469564396243699e-17
PDZRN3,3,1.119150592416113,2.2172356163683525e-52
CXCL2,3,2.683015053538333,9.980396439762317e-103
NFKB1,3,1.4554189562871263,3.281922148290423e-166
THBS4,3,1.4744614168838028,5.31274243106244e-32
MRPL18,3,0.8282794012556676,7.901383844640483e-64
ZFAND2A,3,1.5908983978069158,1.6621360082687043e-71
DGKI,3,2.5647528236197963,3.472747893723749e-248
FBXO32,3,0.9848754165066822,4.342445433931885e-14
ABTB2,3,1.8623091564134064,6.924597203719303e-179
CHORDC1,3,1.0299433704232221,1.0804969943536138e-52
RND1,3,1.7707947855967157,5.9710401381179534e-114
CHST11,3,1.5738229951625509,6.189588050604082e-136
AC099518.3,3,2.516927495906927,6.01167169579578e-11
ABHD3,3,1.1317911592427943,1.6755726234076465e-70
TSPYL2,3,1.237900696218562,1.0167148895527098e-80
CLIC2,3,2.424142716459481,5.68232883489318e-202
AC017101.1,3,0.7745728892876947,6.835992433339897e-37
ELL2,3,1.9733148033710857,7.453941105365937e-139
ARHGAP26-AS1,3,1.1347247514893344,3.910582890007164e-19
FDXACB1,3,0.918460618979107,7.222237724374505e-05
AL117190.2,3,1.300524707637069,7.535062448081574e-103
CCL2,3,2.822924851844334,1.6154574615178903e-188
TEX14,3,0.9671996125247644,7.034734858592961e-80
TXNDC16,3,1.5036513115721941,1.5234974566403242e-16
GADD45A,3,2.010046890412022,3.703064074817144e-71
MAN1A1,3,2.058915411797138,0.0
CEBPD,3,1.5533905619640693,0.0
SLC5A1,3,0.7110260211541248,1.5571559755306731e-07
GAPDHP32,3,5.533234565021404,1.0140368547422466e-10
STIM2-AS1,3,3.1559180332695886,2.7533435056453007e-09
LINC00616,3,5.3236969794467335,7.614548007653844e-30
AC034229.4,3,6.430299066676199,1.2808938843436287e-07
SMIM40.1,3,3.1957136733106175,2.553326539338523e-10
CLIP2,3,1.6926598812210383,5.292186848639696e-109
EZH2,3,1.3796050475649644,1.7302419689629907e-36
CKS2,3,1.1631987838202211,5.32784788487498e-93
DDIT3,3,1.4059540095616043,3.2937184940915985e-116
AC005888.1,3,3.949247337517331,1.1295322743648817e-10
TMEM114,3,6.511831807991358,4.356787402495627e-73
AC090282.1,3,6.082284929364139,9.02661900111013e-66
CSF3,3,3.490464332646567,9.660006912119382e-31
AC087650.1,3,2.2023545642976567,1.3336146062888792e-21
AC090371.2,3,7.039153458598673,4.324122360695049e-89
AC011498.1,3,0.7319666879442649,1.4610637611375798e-05
AP1M2,3,3.9100262856603027,4.975073880720706e-07
A1BG,3,0.5078219200035318,2.800244814665852e-07
LINC00317,3,2.020608619484956,1.646986752300638e-27
AP001595.2,3,10.091695669089843,8.187488345552414e-206
AL121885.3,3,5.123871187906426,5.196316108070878e-06
AL118516.1,3,1.5155989298017443,1.1105211184155477e-10
GS1-594A7.3,3,5.61933049233782,1.1855796158894756e-29
SEMA4A,3,3.0334277647783026,0.0
NABP1,3,1.8311533884570894,3.12013071789599e-200
ADAMTS3,3,1.6686960985611856,3.144275836977748e-169
IRF1-AS1,3,2.3480461574332585,2.627915803711736e-245
PPARD,3,1.8070114741706589,2.212560491074098e-163
LDHC,3,2.8977260170566015,0.0
SLCO1C1,3,2.7169632441542833,2.7356269575855528e-248
AL118558.1,3,2.3603642137652137,0.0
AC099489.1,3,3.141827965806669,0.0
ITGAM,3,6.624195035128602,0.0
PDE4C,3,4.357524520203464,0.0
DHDH,3,2.649211968129912,0.0
UBE2S,3,1.9239134864902134,1.2623940876363108e-42
HDX,3,2.764527572093857,1.8548233175412987e-58
GIPC2,3,1.947583525711337,4.8200006574300305e-266
NFKBIZ,3,1.9044751534885154,0.0
AC073365.1,3,2.8753390450340746,6.491579710641941e-223
MANBA,3,4.316565848241184,0.0
KIAA0319,3,7.782474709478401,0.0
SNX31,3,5.327390546625482,0.0
AC078923.1,3,4.6375341209460474,0.0
TRIM69,3,3.0534161571145457,0.0
SELENOV,3,5.298495370795143,0.0
TULP2,3,2.90547555055188,0.0
PRKCG,3,4.0351993966432,0.0
ERRFI1,3,1.6563450307867738,2.406507140438378e-97
KAZN,3,2.3124802155362616,9.305618576514675e-64
FHAD1,3,0.9182537616268427,5.496800198184144e-10
EMC1-AS1,3,2.148202648698998,5.156089934522943e-10
RAP1GAP,3,1.2316077468831552,7.525364095306385e-07
AL031428.1,3,2.9843289125251427,1.49251619620278e-179
AL050344.1,3,1.3860169665325046,4.110596082736984e-11
LCK,3,1.7374102994433087,1.8642680646048462e-113
AC119674.2,3,2.0905446416577433,3.3332605915682746e-189
WNT2B,3,2.8582440568498817,0.0
ADAMTSL4-AS1,3,2.7005076015257803,0.0
NUP210L,3,3.42178651938931,0.0
CADM3,3,17.11510931783576,3.286894867666065e-148
ADAMTS4,3,1.31441147758984,1.5388615125231204e-75
HSPA6,3,1.8279578042583353,1.4843882790305611e-34
DDR2,3,2.2883315201187364,0.0
SELE,3,1.4505193399763507,4.7906578391812437e-150
CACYBP,3,1.768794259475523,5.2800598692700083e-42
TEX35,3,1.8096622164088092,4.954089070256335e-62
IER5,3,1.6116473776515499,1.5158955346512676e-88
LAMC2,3,1.3971684973459926,5.903171237580195e-37
COLGALT2,3,1.9773276013443581,1.359047113188185e-72
LMOD1,3,2.0296042525434053,3.0215245138226485e-19
PLEKHA6,3,2.373777619776713,9.923043931088908e-235
ATF3,3,1.7031722696968448,1.120247242121195e-198
ERO1B,3,3.006306252251972,3.1259942403801163e-74
RBKS,3,2.803821175031565,2.811639673316282e-104
PLB1,3,4.348959452724869,0.0
LINC02613,3,1.7288244107185375,3.098556271291453e-68
VAMP8,3,1.453944080253296,2.7379888721014436e-146
CYTOR,3,1.9426201758447812,1.8122508941545786e-208
AFF3,3,0.5062387112571723,1.804967061714482e-06
AC017002.2,3,2.406415060562941,1.3339523345000958e-97
SLC4A10,3,0.9988254260181694,1.6116657539026217e-06
STAT4,3,0.8832198029739279,8.803075210166376e-09
HSPD1,3,1.906491260609607,2.6004834041034133e-79
SGO2,3,1.6335956992047809,1.2253228570478794e-52
FAM117B,3,0.9833356279466855,8.226958676115241e-16
AC092844.1,3,3.781674690242128,3.46304239866752e-285
DNER,3,1.0068721520583823,3.204316143095052e-05
AC018816.1,3,0.9153983684034221,1.329240581799499e-41
NEK10,3,2.7354185040437433,6.294789064218713e-168
DNAH12,3,4.677451770001,0.0
AC020651.2,3,4.705538183062629,0.0
GPR156,3,2.5833261357970407,5.0026011357676744e-74
FBXO40,3,1.693801054706374,7.856117864805114e-25
DIPK2A,3,0.9727961854942482,1.9804237007214397e-47
PLOD2,3,1.5805885872747605,6.6794700223397665e-68
PLSCR2,3,5.46469561445339,0.0
TSC22D2,3,1.833794874227939,1.6070020697674997e-203
MLF1,3,1.8667389996989892,1.4569718218129546e-51
SOX2-OT,3,2.4155084716338067,1.46648186403971e-212
MSX1,3,2.497854612994699,2.713332302519094e-281
C4orf19,3,1.268760243740283,2.8581480292644115e-29
AC017091.1,3,7.300123764375605,7.85798113127849e-35
CXCL3,3,1.4558890361336656,5.281549312151215e-46
FRAS1,3,1.2314230504382753,6.4338240593350306e-170
SCD5,3,2.4988119375617894,4.2842099285697175e-92
PLAC8,3,0.800540624587226,5.284747033675843e-12
SCLT1,3,0.9401515039762262,3.2686853096002176e-09
NOCT,3,1.999275025044861,1.981510786714888e-180
AC084740.1,3,2.197189371868223,2.818714097086749e-151
FYB1,3,2.3931871722335676,1.820138359098208e-57
ANKRD55,3,0.7253158150611323,6.365082543270207e-11
ZSWIM6,3,2.2820477148821166,0.0
HOMER1,3,2.1098693121581253,5.395384659385731e-135
CMYA5,3,1.4075442887258383,2.9572311649318447e-45
LINC00461,3,4.856472730443848,0.0
LUCAT1,3,1.4504102814605528,4.31112300354527e-77
MCTP1,3,4.634265367931017,0.0
MARCHF3,3,2.4262364229192963,0.0
SLC22A4,3,4.036541641982287,8.705164503928484e-58
MIR3936HG,3,2.9508574993389525,2.2222059518951686e-194
IRF1,3,2.4654035905925182,6.051897918379283e-272
EGR1,3,2.424470689754089,4.905248345478646e-255
GRPEL2-AS1,3,1.39779358972902,3.1760024465859705e-16
AC008663.1,3,22.789281884422063,7.79610600475556e-100
H2BC5,3,0.9368410589248801,4.672211181267411e-31
HSPA1A,3,1.5023967330604315,4.5837730800464515e-38
HSPA1B,3,1.3784656420872796,5.250439040531006e-28
C2,3,4.061770711438554,0.0
CDKN1A,3,1.337046282297687,2.8833856700234577e-175
TREML4,3,1.6517414310209135,1.6526726807794024e-27
AL353588.1,3,7.0121039605006334,0.0
CGAS,3,0.9956578982045527,4.669435992244583e-45
FAM184A,3,1.028243430510633,1.703677354454602e-39
AHI1,3,1.706995105930156,3.3784032128005325e-119
HIVEP2,3,1.8965650333897344,0.0
MTHFD1L,3,2.5130462346455578,2.244724191797486e-202
CCDC170,3,2.945197446428444,5.754163794942736e-171
AL078604.4,3,4.005556772328679,0.0
SOD2,3,1.5457544107564463,7.628376206538723e-113
AC011287.1,3,0.7341899608032822,4.6396823135540764e-15
ETV1,3,1.8324186639571791,2.80155607965281e-106
NFE2L3,3,3.2208992126202802,0.0
DPY19L2P1,3,1.3772688738036147,3.004346946813082e-91
ABCA13,3,4.965192237982103,2.6293507075478754e-05
PHKG1,3,0.8626537280790504,2.038200388768059e-08
NAMPT,3,1.149132796207772,7.292718546899612e-172
NRCAM,3,1.736935096932503,5.655243713855051e-288
DNAJB9,3,1.6121857380742113,6.77202865528261e-92
AC004888.1,3,5.886557906316768,2.748275012459783e-80
PTPRZ1,3,0.9902320528773351,3.797046628481341e-09
AGBL3,3,2.259289829270791,1.2678443914891958e-100
ZC3HAV1,3,2.7933710702363705,1.2946251478254296e-97
NCAPG2,3,1.2443662688734842,1.3713576367337253e-64
TNFRSF10D,3,2.160112640444252,3.595003613458993e-156
CA1,3,3.871459571856528,2.8566654460286324e-11
MYC,3,1.6307859312259239,1.0414680945520095e-111
PLIN2,3,0.9337353826751732,3.952745385913238e-76
DDX58,3,1.368465196024218,1.5802464769630742e-83
TLE4,3,1.1900611421344034,2.091360768585293e-102
CENPP,3,1.3619624094263212,5.119539243081989e-45
ABCA1,3,2.4139366863113167,2.8508538292173337e-84
KLF4,3,2.2542744054473394,0.0
UGCG,3,1.318705527821681,1.2253972890607306e-137
WDR31,3,1.1080264357528817,3.748747715491148e-06
IER5L,3,1.4276843634756373,5.724993139868356e-115
AL392086.3,3,1.0682161394522272,8.289319502868746e-13
FAM107B,3,1.781404235050166,6.047423775822315e-168
CACNB2,3,1.5326110278490788,2.2851741845231184e-18
AL513128.3,3,1.0994368828414243,1.7828466684463366e-07
AL512603.2,3,1.2374363735406275,6.08049061443131e-42
UNC5B-AS1,3,4.093414728633601,4.652436449587179e-15
DYDC1,3,3.5633296086816357,2.01029574903796e-11
DUSP5,3,2.6048209273948766,1.070192029578584e-121
BAG3,3,1.2930840685379212,7.949598631159794e-107
KCNQ1OT1,3,1.6591072416999573,6.118060614474705e-138
HBB,3,0.6848889754690317,2.2599813148757983e-06
AMPD3,3,1.8489988991285977,2.2406041964370104e-124
LINC02547,3,1.093671813426091,9.150248385974261e-06
KIAA1549L,3,2.2659536865629537,5.291191637066783e-186
AL049629.1,3,3.474267560990114,0.0
DLG2,3,1.4503500790702233,1.1146696631709234e-70
DSCAML1,3,2.3686300005590306,5.480275857437847e-34
H2AX,3,1.8567410981453305,5.590991630219683e-33
UBASH3B,3,1.1936374847634261,7.294044979821676e-72
ITFG2,3,1.587911068178253,1.0245941541422814e-82
FOXM1,3,3.1101825424816285,6.552981382828478e-48
SLC2A14,3,5.2431319451732525,0.0
NANOGP1,3,3.6596813546612412,0.0
GPRC5A,3,1.7050042351225656,2.7573759532166453e-120
AC009509.2,3,1.3342336842822942,1.3552527969051463e-33
NR4A1,3,2.8886049181289923,1.364356197705078e-212
AC009779.5,3,1.1508310939977164,1.2289277060658762e-16
ITGA7,3,2.3987956581400622,2.5191348511630894e-107
LINC02388,3,2.2054258552124955,8.864387234356881e-79
LINC01619,3,3.7817822267526364,0.0
ANKS1B,3,4.1411486105348665,8.86114845480165e-96
CRY1,3,2.2450951877155374,1.1862389287373173e-159
ZNF10,3,1.0536300220532109,3.442258391976647e-38
HSPH1,3,1.4007155204742103,3.534535048901964e-82
BRCA2,3,1.4280867302307865,2.9349255990530025e-37
INTS6,3,1.9112176485015606,4.4353835911577464e-114
GPC5,3,3.8622914907503834,5.583369499118075e-35
SLC15A1,3,4.964649966334157,0.0
AL390755.1,3,7.970583667174823,0.0
AL163195.2,3,1.4744641907324443,5.0963147862857995e-18
SAMD4A,3,1.772940954418177,0.0
GCH1,3,1.1901182084480597,6.02790143603706e-76
SLC10A1,3,2.71520520310008,0.0
FOS,3,1.3906338465311752,4.873035071104808e-242
TGFB3,3,1.7455459198642114,2.5575279945273e-07
MEG8,3,2.124508170100487,3.254780761162486e-189
TRAF3,3,1.7891460106715709,3.7747189843898376e-156
UBR1,3,1.7387255894329838,9.8110861176343e-113
FRMD5,3,1.9070917525471054,1.544909926869021e-166
AC092078.2,3,2.3377258754512287,8.08719421912637e-83
AC023906.3,3,7.353039985945632,5.880642898303074e-20
C2CD4B,3,1.7081325423748046,2.473405153955916e-84
USP3-AS1,3,3.8758017562000067,9.838980588756561e-182
DNAJA4,3,1.1943045822837859,8.327303446179024e-56
CRABP1,3,1.9551109086720033,4.721978189937268e-96
ACAN,3,1.3290361228230982,1.3804781112375947e-10
AC090825.1,3,1.853690878640909,7.717322818936559e-31
ATF7IP2,3,1.3844235407087253,8.216540868015609e-109
ERI2,3,4.372429204420012,0.0
ITGAD,3,1.1197059719760198,2.920669865420079e-06
AC009139.2,3,1.753833886275849,4.3429017059635115e-20
CDRT1,3,1.4215259805922846,8.689693541900658e-145
AC004448.2,3,4.656921440988647,1.6273414468127287e-09
MTRNR2L1,3,7.5403991476233845,3.9995484082782154e-135
SARM1,3,1.0653396552906433,3.561163174128637e-10
LINC00910,3,1.4639090468442477,9.917622938100114e-72
TOB1,3,1.6208602543558157,1.4770230891707706e-68
POLG2,3,2.378095887303462,7.95525261209394e-277
SOCS3,3,2.1102108929628187,9.080677161382448e-259
AC036176.1,3,1.1153249187823013,4.5490150811824176e-05
NFATC1,3,2.769536699481778,0.0
PARD6G-AS1,3,0.9000375876599056,8.025229969943442e-45
GADD45B,3,1.5792209150703735,3.957936341998444e-107
TNFSF9,3,1.3671820289601528,7.597762042597016e-65
ICAM1,3,1.2648442920802658,3.312348995961174e-151
LDLR,3,2.015816583067605,3.7048851519787865e-230
SPC24,3,1.336027166751174,1.152000871222057e-31
ZNF433-AS1,3,2.0371372436782607,3.056956669317484e-67
JUNB,3,1.561209578170092,2.9296982373930264e-230
MAST1,3,4.855106805522741,0.0
AC092069.1,3,1.254262459142546,7.634219632833864e-25
ZSWIM4,3,2.364802957998902,1.3004215611821795e-195
AC020916.1,3,2.092802557094363,5.66294930496711e-135
DNAJB1,3,1.7860995527705705,1.1286625053547427e-77
CIB3,3,2.9751179877931384,1.7239883090516204e-07
NWD1,3,0.7819460466346624,9.66333651551352e-17
IL12RB1,3,2.461443935654998,8.598333571025329e-48
JUND,3,1.7885867754545592,1.09440822565935e-207
AC073539.2,3,19.42739532763678,4.338771780081531e-90
ZFP36,3,2.3531150844338065,4.5186480043515766e-187
SERTAD1,3,2.2835759869867287,9.709781850972012e-99
FOSB,3,1.8501928014916644,5.550744543030489e-273
PPP1R15A,3,1.4418708890099365,1.561766077242889e-115
CACNG7,3,5.754507748672344,0.0
AC011476.3,3,0.9351386149590015,3.16436927319462e-84
AL034548.1,3,4.773014398412786,8.696965656469063e-42
MROH8,3,3.9939049300598137,3.1771725551024666e-10
JPH2,3,1.1390365436914225,1.1089127842937123e-08
CEBPB,3,1.0675769533452626,5.292070995830089e-53
NFATC2,3,1.8067699827718386,3.1271665658787704e-192
ADAMTS1,3,2.009755689180182,1.7088145600740897e-179
RCAN1,3,0.9265246744890642,1.9279114839203603e-86
Z95115.2,3,7.512251048932022,7.488602631057762e-19
HMOX1,3,6.598605323106334,8.880263306366066e-38
MAFF,3,2.459041547407136,1.7120861573380855e-220
MIR222HG,3,3.1292583937313205,1.511916236438451e-159
GLA,3,1.4609555935060488,1.7812137462934102e-68
MORC4,3,1.1863167047437864,2.097445202607577e-66
SLC6A8,3,3.7071593660658864,7.181276976329011e-47
F8,3,1.0832520579294946,3.400292760881981e-123
TMEM151A,3,2.148401261796947,2.2007548210629638e-16
LINC01185,3,5.0341335118202,4.1554320998342306e-08
RND3,3,1.4238086069353721,1.1150961452122433e-99
SLC4A7,3,1.6530416424896437,1.3709204598810556e-141
TNFAIP3,3,1.306723284540738,5.186486786364977e-62
JRKL-AS1,3,2.025693380113315,1.6587732422837643e-06
MAL,3,2.655620677276703,8.234745639004707e-05
AC138207.3,3,3.0361262977783845,6.073340593495873e-07
NR4A3,3,1.329921018220401,1.4971533459520435e-90
SLC2A1,3,2.1093671830727425,1.983789882735327e-73
ATP13A3,3,2.6785175059584083,0.0
IL6,3,3.963528788072668,6.68406053173274e-64
INSIG1,3,2.2627737986493823,1.3455932280186388e-183
MYO1D,3,1.9432612971942704,1.10362298396426e-275
BTG2,3,1.1726808693927486,1.1617518815657654e-187
CCN2,3,4.018487468222904,3.9087513064864747e-60
CRISPLD1,3,1.720174327427695,2.46616879187097e-41
ACER2,3,2.530649775240573,1.9370449471463293e-135
ADAMTS9-AS1,4,1.0991446804160203,1.0354291873721159e-69
PCED1B,4,1.3597641057828476,2.938044433635109e-138
SPATA13,4,1.0802944684843498,2.685709715860952e-179
IGFBP5,4,1.6248235656512304,0.0
LEF1,4,1.2963522779536214,1.763856545530453e-95
MB21D2,4,2.0304294276804713,5.326440199493058e-79
ENC1,4,1.8127445325156646,6.2457247026544e-185
XKR4,4,2.6975722803154123,0.0
TFPI2,4,2.642995954842587,3.234528100962788e-163
MMP1,4,1.882388531178213,9.461758813997564e-34
AC113137.1,4,3.7165808366062123,4.43619174746895e-22
FMNL2,4,1.6921776507069022,0.0
CBLB,4,1.7467470920718358,0.0
CD83,4,1.0685385200025612,7.588083810220369e-66
GPR137C,4,1.8411868382857417,2.714925437881442e-218
CORO6,4,0.6531351729005659,2.686241855927882e-10
ADGRL2,4,2.0690953594904156,0.0
CASC15,4,1.7625956823187907,0.0
CD69,4,1.1064478681795658,1.1242740585878265e-61
NLK,4,1.5400609736201063,0.0
VAV3,4,2.58623596804686,0.0
AC119673.2,4,2.4406130967771844,0.0
GYPC,4,2.198516560819976,0.0
CAVIN2,4,1.5589740965601009,0.0
WFS1,4,1.3919565842779402,0.0
CRACD,4,2.5096556123275033,1.4911805303397655e-239
STOX2,4,2.233106315592451,0.0
ANKH,4,1.6293477616081877,1.8167682266419553e-121
SELENOP,4,2.463146700793682,0.0
SEMA6A,4,2.279219808320053,0.0
AC008591.1,4,1.5747051976367927,1.7847474691973355e-08
ADAMTS2,4,2.914718252557043,6.007877975984395e-37
NRN1,4,1.6738345908789822,0.0
LTB,4,1.091563416510891,1.5374516103269575e-22
AKAP12,4,1.785974252381692,0.0
ZDHHC14,4,2.381196050457068,0.0
CRPPA,4,1.2969836672823738,1.0069092199185065e-46
AC073332.1,4,3.455206189488717,1.094463020127952e-12
CD36,4,2.413627758526351,0.0
ELAPOR2,4,1.3842211612580926,0.0
LINC02645,4,0.38832340515154834,1.0698164844054153e-19
ARID5B,4,2.8267326316367782,0.0
CDKN1C,4,1.1423403583646348,7.186380772366714e-128
LMO2,4,2.561152683932339,0.0
ST8SIA1,4,3.1837423386339303,0.0
SLC16A7,4,1.0555206351915285,5.2436529110163764e-182
PCDH9,4,1.1269118255751325,1.3215984024753325e-106
LGALS3,4,2.247423037303658,0.0
IGF1R,4,1.403644353728808,0.0
PCSK6,4,2.4069243988341094,0.0
AC108134.2,4,0.9107031231931576,6.964556651339991e-106
USP31,4,2.9905683896284256,0.0
MAPRE2,4,1.1266196558726251,2.0865718907563534e-104
DOK6,4,1.7094429931430049,1.2099469443114146e-251
TIMP3,4,1.910438715936226,0.0
PIM3,4,1.7878133700288161,0.0
BVES,4,3.4618196249600612,5.913139308576446e-06
PLPP3,4,1.2071360498414654,5.992378549835722e-72
CACHD1,4,2.2845415519141565,0.0
FOSL2,4,2.3353883773285613,2.0276765361340104e-254
PPARG,4,3.010335763152361,0.0
GBE1,4,1.8463006292123583,4.6926603049098765e-105
TMEM156,4,1.5613702245917525,5.067852222332452e-271
FAM241A,4,1.9435525831753973,4.639331499830349e-172
BACH2,4,1.8023591331635465,1.397109333106171e-160
SESN1,4,1.1980867972808396,1.4748642398971255e-73
AGMO,4,0.8513217982159563,1.1590267900811051e-78
JAZF1,4,1.3331536856100756,3.418317742540177e-139
BAIAP2L1,4,1.8259084075769276,0.0
STC1,4,3.31648944312821,3.390260250236781e-187
BMS1P10,4,3.018885315428819,7.06155755055951e-217
TMC1,4,4.313840601869687,0.0
SIK2,4,1.9395060592217355,0.0
SLC2A3,4,2.7737293649207015,0.0
CLEC2B,4,3.3441922148094654,0.0
LRRC74A,4,2.2325296680681905,5.4967029403718554e-12
CFAP161,4,1.2691334208144596,3.658906282877397e-231
CETP,4,1.720640895484994,0.0
CYTH1,4,1.455117169287802,0.0
SLC16A3,4,1.4725287403387783,9.377389182896012e-86
PMAIP1,4,1.444286461401049,7.968010241941679e-243
PHLPP1,4,2.0111344311806083,2.1531851898047694e-232
AL136531.2,4,1.548141982593209,0.0
SNAI1,4,1.3703907319093014,1.5793453619308907e-110
MCM5,4,0.5063152845444202,1.1063064655216492e-16
CD164L2,4,2.0311654105991077,7.788833866869902e-14
FMO2,4,0.9209782700705675,7.858638445504686e-30
AL590762.2,4,1.0535559792080809,5.205071929133239e-09
RANBP17,4,1.7998195229267127,0.0
TNFRSF4,4,2.884725219017662,0.0
VWA1,4,2.0165445937956226,0.0
GABRD,4,2.42307906428181,1.7114960355168376e-176
EFCAB14,4,2.809178944990036,0.0
ROR1,4,1.4808736479998912,5.78855182374843e-129
PDE4B,4,2.1625505823683135,0.0
ADGRL4,4,2.599031080629503,0.0
KCNC4,4,1.6464266968969037,1.0464364658000473e-218
C1orf61,4,1.8021087953411332,1.2135814675542186e-278
NES,4,2.4118615073170093,0.0
FAM163A,4,2.402565592340581,1.0586967449027079e-116
NIBAN1,4,4.285799823958986,0.0
RGS2,4,1.2091975879903565,6.946906063121591e-18
MIR181A1HG,4,1.8475977665095416,2.739821168352013e-194
NR5A2,4,2.6015672215914676,0.0
IPO9-AS1,4,1.198154183832841,1.849187198668788e-67
HLX,4,3.428746449226047,0.0
ITPKB,4,1.9936903680832971,0.0
SIPA1L2,4,2.870499950814481,0.0
LINC01304,4,11.71225533916341,5.164998063925327e-94
SOX11,4,1.3984852456835606,0.0
RNF144A,4,2.356780949067998,0.0
CYRIA,4,2.165621473349311,0.0
QPCT,4,1.836712746084123,0.0
CDC42EP3,4,2.7719170138907177,9.315130470574193e-285
SPRED2,4,1.855405241177124,0.0
AC007389.1,4,4.003637812294742,8.952963791105444e-52
EIF2AK3,4,2.0777074310882773,4.964907122375555e-210
NPAS2,4,4.115329841915824,3.1924257895338345e-253
SULT1C4,4,2.3416973611894774,0.0
MIR4435-2HG,4,1.8272540691281574,3.2276802236674925e-232
RAPGEF4-AS1,4,3.023668649886846,1.4518606536134185e-49
MYO1B,4,2.6321363940593634,0.0
PLCL1,4,2.8116281632540314,0.0
INPP5D,4,2.01411231521994,0.0
AC097713.1,4,0.8377609027595633,4.053222215704382e-14
AC087430.1,4,3.9891864571379654,1.5405665684470302e-09
OSBPL10,4,2.582494661399898,0.0
ADAMTS9-AS2,4,1.3551937172582629,1.923048027458337e-106
MAGI1,4,2.184694515837601,0.0
AC108690.1,4,0.8812846550072679,6.51794105099835e-54
PHLDB2,4,2.075256852214982,0.0
LXN,4,2.8929627296976714,0.0
SCHIP1,4,2.7996866648451775,0.0
FAM43A,4,2.4265848241035455,0.0
APOD,4,2.6719177750154692,0.0
KIT,4,2.791649633272053,0.0
HOPX,4,1.7298956050745526,1.6803098197554172e-221
IGFBP7,4,2.2155854995466577,0.0
CXCL8,4,1.4021389368287833,1.8464667825091465e-77
CXCL1,4,1.9345068383579092,1.5295460583145346e-67
ARHGAP24,4,1.787963874555642,4.9704273785589196e-160
FAM13A,4,1.5061607617169943,3.086806564174761e-70
GPRIN3,4,3.0760717507546067,0.0
SPRY1,4,3.517110775517239,8.55560458314403e-160
LINC01091,4,2.7344853126965414,9.448614238815289e-27
MAML3,4,2.653564648583963,0.0
SMAD1,4,2.822036600815758,0.0
AC023424.2,4,1.2791956898286192,3.810792108150011e-21
TMEM131L,4,1.4633078040372078,1.2569927648387864e-103
AC093817.2,4,2.401898249401075,7.622082387094512e-265
FAM198B-AS1,4,1.451725199305657,3.2485889381681855e-103
HPGD,4,5.083640947064854,2.9537831524586926e-88
MYO10,4,3.0357782365269586,0.0
ITGA1,4,1.5176964751304631,3.898681100430676e-206
ESM1,4,3.767370275846295,0.0
MAST4,4,3.1261469406091904,0.0
ARHGEF28,4,2.072854942852891,0.0
IQGAP2,4,2.072384435100197,9.840506321330715e-179
ST8SIA4,4,2.278792243865496,0.0
LINC02214,4,4.124879009170645,4.507885621394759e-11
SLC12A2,4,2.2428364084777184,0.0
CHSY3,4,1.7770720519350702,0.0
HBEGF,4,2.841299039481415,2.50300621595094e-245
PCDH1,4,1.7043052218750598,0.0
PCDH12,4,2.38870309663199,0.0
SPRY4,4,2.29959053142757,0.0
SPRY4-AS1,4,0.9927545497835495,1.2734194379575321e-69
DPYSL3,4,2.7360777459070507,0.0
GRPEL2,4,2.169167580106571,6.804922318251569e-259
ADAM19,4,3.3440084271443626,0.0
STC2,4,1.8478460661066975,0.0
N4BP3,4,2.5514329124908186,0.0
PHACTR1,4,1.835469287275549,0.0
HLA-B,4,2.4910257178312074,0.0
NOTCH4,4,2.816490998299783,0.0
COL12A1,4,3.2043438269177518,0.0
FILIP1,4,2.7596921027712265,0.0
PRDM1,4,3.3151085044423265,0.0
PTPRK,4,1.7036477748581795,2.2967670420304515e-161
AL356124.1,4,2.7969618948242703,0.0
ARHGAP18,4,2.9841008341867767,0.0
MOXD1,4,2.6067293768131465,6.057147405351386e-18
PLEKHG1,4,2.32480102702312,0.0
IGFBP3,4,2.8328309091553923,0.0
TNS3,4,1.6946062536705937,0.0
CDHR3,4,1.2931280490362465,5.608448676924608e-173
DOCK4,4,2.363467914762581,0.0
ST7,4,2.605920302782844,0.0
PRAG1,4,3.927123577747937,9.053609754192944e-179
MSR1,4,4.068927339934168,2.5835499537700845e-209
AC007991.3,4,7.995801940981332,1.8070986747879602e-27
SNAI2,4,2.4651217498511095,1.522648678622133e-94
AC087627.1,4,2.0468869686522373,0.0
JPH1,4,1.5477867579401945,0.0
KCNQ3,4,2.3010509007680575,2.734350446863112e-225
PTP4A3,4,2.1406624785329513,4.623794247760397e-136
ARC,4,1.401193002413761,3.051562573019928e-53
LY6H,4,3.639031428616018,0.0
LURAP1L,4,3.5382321467797615,0.0
AC018978.1,4,2.7778208767839327,3.7239907298118174e-67
LINC02642,4,1.4793563098876787,1.1302181657504916e-65
VSIR,4,2.536181930287335,0.0
HTRA1,4,2.7213529526120137,0.0
CHST15,4,2.090929760460252,0.0
ADM,4,2.7250315736325352,0.0
CHST1,4,3.940616222636716,0.0
CREB3L1,4,1.905289619915723,0.0
FADS3,4,2.4877941700515267,0.0
KCNE3,4,3.4420154692659066,1.3408219251659315e-278
NOX4,4,2.4768327115356175,0.0
THY1,4,2.0133981877457203,0.0
CLEC1A,4,2.1280334225931514,0.0
FGD4,4,2.2858699723268447,0.0
PHLDA1,4,2.2370314243391864,0.0
MYF6,4,4.893051828107485,6.491352353853947e-13
GAS2L3,4,2.973049593838692,0.0
TESC,4,1.900281109437821,0.0
AC002070.1,4,1.8527705921901045,0.0
TMEM233,4,2.164414286261042,0.0
LRCH1,4,2.293764520618467,0.0
COL4A1,4,2.759365803749681,0.0
EGLN3,4,1.8451776920502945,0.0
GNG2,4,3.2218088650380414,0.0
NID2,4,1.9815025297451156,0.0
PGF,4,3.2150192878749,0.0
CHRNA7,4,1.9248667318812411,3.198306765860944e-66
MYO1E,4,2.4515019866586707,0.0
DAPK2,4,2.396310455639063,0.0
UACA,4,2.5214276265244937,0.0
IL16,4,0.9195145158794549,3.892685664494816e-173
AGBL1,4,3.657150806061503,9.375679726393383e-10
SV2B,4,1.8195412986512207,0.0
IL32,4,3.1216736894207684,0.0
GRIN2A,4,2.606454267988839,1.2834314296591737e-147
XYLT1,4,1.6996582565339347,0.0
NETO2,4,3.0334411731816164,0.0
CBLN1,4,0.9377318093580131,1.157526743559127e-15
SLC9A5,4,1.0114685824643481,3.3580523667875374e-09
DPEP1,4,2.498093601975585,4.365615211310837e-174
TUBB3,4,2.2819911336951524,0.0
PIK3R6,4,2.0488685703135436,0.0
TRIM16,4,2.460400108956695,0.0
LINC02087,4,0.759302072954042,1.5635117830267154e-12
RASD1,4,0.9038835799633236,1.664569234674837e-29
TIAF1,4,1.437962387433086,3.9975176594427455e-41
CCL8,4,1.7963634666796304,8.893378052867542e-48
DGKE,4,2.3832939629089998,0.0
MAP2K6,4,1.7852924146033176,2.8184003544568313e-136
LINC01483,4,1.0615632783115685,2.7431557914279e-57
TTC39C,4,1.4018067798991196,3.0844618843355315e-265
OACYLP,4,1.412028939632592,5.442225246163609e-60
AC105094.2,4,1.23419694784795,5.246074150824968e-90
BCL2,4,2.710964569831214,0.0
SEMA6B,4,2.0518784720098493,0.0
INSR,4,2.7681932451917177,0.0
ZNF93,4,1.8318978509172386,6.408412198558462e-57
TSHZ3,4,2.622712790027782,2.594561808765308e-60
KLK6,4,0.8069008912844333,1.978665059721326e-12
PRND,4,4.130472071146558,0.0
RASSF2,4,3.688503762250563,0.0
CD93,4,2.559629162091661,0.0
ACSS1,4,1.133954208337831,0.0
AF064860.1,4,1.9968889485240808,1.8694204681698134e-67
ADORA2A,4,2.129304429133173,0.0
SOX10,4,5.89162239948268,5.535995530605792e-08
PLXNB2,4,1.89390214628494,1.9710952192353476e-49
DIPK2B,4,2.428781027571569,0.0
PLP2,4,2.068021490677178,1.616866976985052e-129
GPC4,4,2.120667437894504,8.830872799113917e-155
NLGN4Y,4,2.33091278476134,0.0
AP003501.2,4,8.955563124212453,6.023890300568479e-21
RFC3,4,1.1666209305981945,1.310996289527941e-25
LINC00383,4,3.2292048172186885,2.0062775694505478e-11
AL133456.1,4,4.031573137481305,1.240684373726412e-24
ACKR1,4,2.9503915427801877,3.80616312456131e-190
EGLN1,4,1.940131712946798,0.0
SH3RF3,4,1.7596453573936235,0.0
NOSTRIN,4,1.4727984948509092,0.0
AC009315.1,4,0.7522288425350601,1.979374935533696e-05
ANKRD44,4,1.276039884091957,1.7424030502444499e-127
RARB,4,2.244659540700702,1.2814705557035624e-190
FLNB,4,2.51788557209258,0.0
PPM1L,4,1.1964803537834725,7.241561299785974e-119
EGFEM1P,4,1.0432373573852796,1.8501834718926438e-113
PROM1,4,1.7625203667155587,0.0
SCFD2,4,1.5044578084798979,3.679506338988571e-59
SPATA5,4,1.0661678577202984,3.1133201852756216e-31
PDE8B,4,1.6621838650183918,1.4999733509339188e-141
MEF2C-AS1,4,1.4263102679388573,9.039905772365701e-120
KIAA0825,4,1.0864946411362242,3.877793044019377e-14
NEURL1B,4,1.9654300364205084,0.0
AL021918.5,4,9.13370393820412,1.36969304316899e-09
GSTA11P,4,3.599758254553662,6.753235236667925e-52
SLC35F1,4,0.8946911006250609,3.3857956443416196e-20
PDE7B,4,1.481421079189126,1.6159560202897745e-222
STXBP5-AS1,4,0.6526690365940533,4.312664232375951e-37
AL589693.1,4,2.0922151428698443,0.0
AC004936.1,4,4.077666897890584,4.669240388902041e-30
MEOX2,4,2.6367526293469115,0.0
CHN2,4,1.0391998348519047,3.641370244617925e-104
IFITM3P4,4,3.0319756166983627,7.3175530155693e-08
MCM7,4,0.48775418060959297,2.3422396789971456e-15
AC093107.2,4,4.517634034864804,8.249082977843093e-38
AC113194.1,4,3.4585327925391423,5.474883155950397e-22
CA8,4,2.3772292489729914,0.0
KCNB2,4,1.7487853309930508,0.0
PCAT1,4,0.9714421766516023,2.2010293047464393e-120
LHX6,4,2.7020794086357487,0.0
FRMD4A,4,2.2427001733501246,0.0
SORBS1,4,1.8570778964673014,0.0
APLNR,4,2.5496510844379903,0.0
AP000439.2,4,4.315690957384899,4.354445648479768e-53
CACNA1C,4,1.9099870914383072,0.0
ANO2,4,2.1745361596279484,0.0
VWF,4,2.890019440608568,0.0
FAR2,4,1.0847281011847616,9.949595253828161e-203
AC008014.1,4,1.683961989388124,2.918383731117747e-42
PTPRB,4,2.5528856479277096,0.0
TMTC2,4,1.8266130358662407,0.0
KITLG,4,2.120146313739767,0.0
SMAD9,4,1.5145635033877982,2.7042958470275165e-152
TNFSF11,4,4.498335797291572,5.085619831841061e-07
DACH1,4,2.4518518046190114,0.0
ABCC4,4,2.1418760290361125,0.0
FAM155A,4,2.815950448351503,0.0
POLE2,4,0.9678855442049025,7.810649855588608e-08
AL359220.1,4,1.525532922963854,0.0
SYNE2,4,2.301242378650432,0.0
SIPA1L1,4,1.2396921975857054,0.0
RGS6,4,3.0216317129190156,0.0
ADAMTSL3,4,1.8763022980982318,0.0
AC087633.2,4,5.627200651055998,1.3526357465523854e-41
KIAA1328,4,0.723318197607308,7.645175755148245e-14
CCDC68,4,1.6146334140806295,6.9038037179470935e-165
SNAP25-AS1,4,0.7069775476730867,4.2347207840158326e-24
PCP4,4,6.957030477835961,2.3884656658002545e-48
CNOT7P1,4,3.6202840893550685,2.3245565455525145e-20
ENOX2,4,0.6618205648389618,1.29884279690694e-18
UTY,4,1.5060324393529063,0.0
DISP1,4,1.2095206281154771,1.1505687708329945e-80
ENAH,4,1.4716136581957087,0.0
AC068633.1,4,0.9381074948112562,1.10337074921087e-14
LINC00504,4,0.9260884867474313,3.6438266435218235e-15
ANKRD37,4,2.0234245202107233,1.805463256625808e-226
TGFBI,4,1.552689119319499,0.0
SH3TC2-DT,4,1.008935060223185,3.130067693451086e-172
HMGA1,4,0.8288223996110833,5.306980478566825e-38
SGK1,4,1.5594979538511682,0.0
AL078590.2,4,1.441007718343866,5.005880757594799e-243
PKD1L1,4,1.1656557625009785,3.0720900361193725e-207
EGFR,4,1.0435874022997593,3.2282250308777146e-81
DMRT2,4,2.3534012639360733,1.7712012669425374e-06
TBX3,4,2.181101731805259,0.0
ATP5MC1P1,4,3.5213227578125634,2.3412683523991016e-08
SHISA6,4,1.6370542596081163,0.0
TINAGL1,4,1.9420290248086132,0.0
MYOC,4,1.60895707369352,5.319470162375527e-123
ID2,4,2.802416683746545,2.1411815196951334e-278
CAMKMT,4,1.1203532947775607,3.853204374551787e-63
LRRC77P,4,1.6576273410530271,0.0
AC110611.1,4,1.8530776683226104,0.0
AC110611.2,4,1.6486724492410443,0.0
ZNF366,4,1.6226054903753844,0.0
CLIC5,4,2.0550585167778443,0.0
OPN5,4,1.62705433668624,0.0
USP45,4,2.4713641052908235,2.8832579272647885e-34
RAMP3,4,2.0202673145260435,0.0
CDH23,4,1.0691614038874593,1.4220111940048838e-221
EML1,4,1.6047744717319938,0.0
AC104041.1,4,2.6133640535227465,5.41596099302336e-11
TCF15,4,2.044948695965931,0.0
THBD,4,2.5848339581557473,0.0
SAMD11,4,0.9056097795562768,3.08469446170523e-47
ECRG4,4,2.4884015814369222,0.0
DPP4,4,2.021175568610831,0.0
TNS1,4,1.4824202201359407,0.0
QRFPR,4,2.0109100378015397,0.0
MAP3K1,4,2.115116342702741,0.0
CRHBP,4,1.49481037697726,0.0
PTCHD4,4,1.268534289826572,1.8500506046181868e-265
LFNG,4,1.7313772837090613,1.7880781160316723e-213
HDAC9,4,1.6145023066291055,0.0
LPL,4,1.208923335701574,2.924140321694157e-193
CLVS1,4,1.616306897043607,0.0
FABP5,4,2.6389774814708815,0.0
FABP4,4,1.9253219387593528,0.0
EBF3,4,1.8743326301253518,0.0
CCND1,4,2.0429496424020375,0.0
PITPNM2,4,1.6087961643624564,0.0
WARS1,4,1.9302603610682214,0.0
ISLR,4,1.190876603492727,3.108422681279675e-247
MEOX1,4,1.7801876524205,0.0
CA4,4,1.9080749310795628,0.0
OSBPL1A,4,1.8007076692449708,0.0
ARHGAP6,4,2.638219118108373,8.561767137694043e-249
ITM2A,4,1.9213465079421361,0.0
AL353138.1,4,1.3017213592772912,7.364602403026376e-238
HIC1,4,1.726734747826613,0.0
DTNA,4,1.5819562897138617,0.0
ISM1,4,1.3668463827582307,1.4860003618382982e-271
HECW2,4,2.182730869650251,0.0
GNAI1,4,1.7547978406490037,0.0
C1QTNF9,4,1.5395664323515055,0.0
RGCC,4,2.1767618837653187,0.0
VWA8,4,1.0385427046501774,4.840155540924923e-147
ADARB1,4,1.8505735292818577,0.0
FHL1,4,1.160146459966349,5.979134318520999e-158
AL603840.1,4,0.8072841074385655,1.609742857891554e-108
TCTEX1D1,4,1.2166382009354801,0.0
PALMD,4,1.5099984445707184,0.0
RCSD1,4,1.7153037427373736,0.0
AL445524.1,4,1.3178635698813825,0.0
DCDC2C,4,1.9894233610279086,2.9610112760648146e-208
ODC1,4,1.418775978221826,3.375351099445652e-239
MIR3681HG,4,0.7352848707455693,1.4431956818798552e-90
MGAT4A,4,1.6159039180784276,0.0
ACVR2A,4,0.8079722718235154,3.270835176841239e-55
KIF5C-AS1,4,1.2394861332946705,1.5814058763586115e-168
AC104088.1,4,0.9489329519247439,1.5676488135204232e-06
ITGA6,4,2.5117541150786664,0.0
CAVIN2-AS1,4,1.0548453757062997,1.0049256522252133e-65
PLCL2,4,1.7994035493349054,3.456065857811875e-285
LIMD1,4,2.50292730675201,0.0
MYLK,4,1.6545002522906713,0.0
TM4SF18,4,1.9212936191106722,0.0
ARHGEF26,4,1.3108946403619834,0.0
HES1,4,1.284440081144051,1.2769459772694692e-95
CRMP1,4,1.451261587490198,0.0
KLHL5,4,1.7539497055363569,0.0
SPARCL1,4,2.6435909808519127,0.0
SPP1,4,1.7001522967947662,8.008377491166446e-64
DCLK2,4,1.7287560366649197,0.0
ABLIM3,4,1.8852123570440453,0.0
NBAT1,4,1.5317475064897406,5.0335164910809365e-111
MCM3,4,0.6217732355329875,2.6717771989699333e-08
PRIM2,4,1.3032879623340299,1.0974095223386475e-06
OGFRL1,4,1.488104987116924,0.0
MMS22L,4,1.028081504339975,7.809438342949433e-37
AC023669.2,4,1.5257722138968823,1.0475046649094535e-28
GRB10,4,2.1149370852102063,0.0
SERPINE1,4,1.2170576899051226,1.3914474750443736e-230
CAV1,4,1.979632501547902,0.0
RGS20,4,1.4958459587388995,0.0
ZNF704,4,1.2917492887399713,0.0
CA2,4,1.9062541597700238,5.4587909078448925e-217
NCALD,4,1.425475152668733,0.0
SNTB1,4,1.9986046469854026,0.0
MTSS1,4,2.0683718640932174,0.0
SQLE,4,1.994645196908511,1.230445915026846e-202
COL15A1,4,2.1303428981937347,0.0
PBX3,4,0.8781699574049404,1.469832601712332e-17
NMT2,4,1.501089953141293,1.567335677717883e-123
KIAA1217,4,2.3434476634067716,0.0
OIT3,4,1.77371364931322,0.0
DENND2B,4,1.3332741762300477,0.0
ROBO4,4,1.5811797632691222,0.0
KCNA5,4,0.7932824999424238,1.1825143336030177e-65
OVCH1-AS1,4,0.9704677806080477,7.437206949349397e-33
DGKH,4,1.9026794071747908,0.0
DLEU1,4,1.2986096491294608,2.9683292554291974e-10
PCDH17,4,1.651579941937636,0.0
ATP11A,4,1.741435984280157,0.0
SYCE1L,4,1.8072848408432245,4.070249289330167e-15
CDH13,4,2.354143541495734,0.0
RFLNB,4,1.8091949775815677,0.0
SEC14L1,4,1.7909655252928514,0.0
TBCD,4,1.8855201004777857,0.0
MADCAM1,4,2.063577734679144,0.0
GMFG,4,1.8097540750740224,0.0
AP001347.1,4,0.834295123148268,2.6328148648071e-51
C22orf34,4,1.6677294618162954,0.0
MXRA5,4,1.6748197766930626,0.0
EFNB1,4,1.1432754316819813,1.4524557595361799e-280
TCEAL7,4,1.2940397844512415,1.730579198378864e-74
APLN,4,1.508134640507988,0.0
FGF13,4,1.791980451736088,0.0
PRRG3,4,1.327726917833972,0.0
TTTY14,4,1.0913959414054588,8.130270605673938e-97
SMC4,4,1.0932495230796326,1.3066810644777784e-78
HMGB3,4,0.8915926454150817,4.498355851666994e-59
RBP7,4,3.0734976902692956,0.0
CD58,4,2.5263129206896626,0.0
DNM3,4,1.7675827818136953,0.0
PLXNA2,4,1.9568552124661949,0.0
CCDC85A,4,1.9773965046680702,0.0
KCNJ3,4,0.9861108321378504,2.987665688875012e-98
SSUH2,4,3.5489062766117137,0.0
CMTM8,4,1.8317279590005542,3.0633636835748714e-204
ARHGEF3,4,2.1922825466052336,0.0
EPHA3,4,2.0144676990577692,3.488778025846305e-286
SLC9C1,4,2.340157980335926,0.0
CLRN1-AS1,4,3.0189936230135497,0.0
C1QTNF7-AS1,4,0.6540798978140723,1.6101053700623756e-18
AC015631.1,4,1.839110905534257,1.1698506651714423e-35
C5orf17,4,2.6337955443135384,3.8272880373119244e-11
ITGA2,4,1.6922650189103758,7.555008775503383e-274
BTNL9,4,3.4014590142465133,0.0
RCAN2,4,2.9760041359966456,2.490771047791572e-73
AL357507.1,4,3.7131055352379216,0.0
LINC01010,4,1.401614533822282,0.0
TSPAN13,4,2.6983790864446924,0.0
EEPD1,4,1.7983817744795885,0.0
CCDC146,4,1.0025818527055907,4.2558811167348634e-80
TCIM,4,2.4610177763242045,0.0
AQP3,4,1.7017610808063754,2.2122166582930137e-219
GABBR2,4,4.454841840831888,0.0
RAPGEF1,4,2.423603731130851,0.0
NRARP,4,2.5463655232339453,4.038340123744692e-166
FAM13C,4,1.9419370523842288,2.8819778968070033e-150
TNNT3,4,2.0083742248305105,0.0
H19,4,1.8759105863403667,0.0
IGF2,4,2.0201949361291796,0.0
WT1,4,1.6862569456628114,0.0
APOLD1,4,1.6326568108337023,0.0
CRADD,4,1.0706557945450044,2.52428313206408e-64
MCF2L,4,1.6538607330680979,0.0
RIN3,4,1.9555208196243945,0.0
NDRG4,4,1.825962921770377,4.365176741173539e-165
CDH8,4,1.0517982260084984,9.860330278482203e-169
CD300LG,4,2.5779689817977927,0.0
AC027601.5,4,1.0741826269643542,9.476334911354771e-12
SLC14A1,4,1.5301770814645494,1.0842493546367212e-228
RNF152,4,2.0712387666238516,0.0
ZNF528-AS1,4,0.6661799201856345,5.6720759419576894e-18
PLCB1,4,2.171054830896808,0.0
PPP1R16B,4,1.721676525054572,0.0
SOX18,4,1.5330460258468097,0.0
PDGFB,4,2.1380627225497877,0.0
USP9Y,4,1.913185194104095,1.7991961453328451e-208
ACAP3,4,0.9389599017251562,9.761768028453189e-12
TNFRSF25,4,0.9111971022646382,3.0667769501507206e-86
FCN3,4,1.1798240560619768,5.492140147235682e-211
RNF220,4,2.1072895014587063,0.0
L1TD1,4,1.5290034852166592,1.4636894479018457e-173
SGIP1,4,2.6885076036435906,0.0
TTC13,4,1.9578470919174058,0.0
CHRM3,4,1.7094205044687745,0.0
GULP1,4,1.7761159798286923,0.0
LMCD1-AS1,4,2.296805995073374,6.4751489795263825e-202
SLC6A6,4,1.7383870577690774,0.0
LRRC3B,4,2.190476699464371,0.0
FBXL2,4,1.1064837593706565,2.485043937083736e-141
ADAMTS9,4,2.183199497745588,0.0
MGLL,4,1.8890561555734322,0.0
MED12L,4,1.244344267784605,3.8636734591819005e-164
FGF12,4,2.0129555224802225,0.0
APBB2,4,2.2500654197103254,0.0
AC079380.1,4,1.369413009504973,7.677040361910224e-81
PIK3R1,4,1.4638995475302061,2.0285152784247447e-250
AC008514.1,4,3.0246940588887377,0.0
CPNE5,4,2.228422403068637,0.0
PDE10A,4,1.9050460430980851,0.0
AQP1,4,2.37167674324127,0.0
HEY1,4,2.784495176552622,0.0
NDRG1,4,2.508868413634677,0.0
GPIHBP1,4,3.377264574933215,0.0
SFMBT2,4,3.011621209387721,0.0
ST8SIA6,4,2.251569176940164,0.0
UNC5B,4,3.55017505764633,0.0
AL137025.1,4,0.5817886009099886,3.3095302776658993e-14
GALNT18,4,2.492069454233769,0.0
MPPED2,4,1.9257525422922883,0.0
A2M,4,2.2688076055037314,0.0
THSD1,4,1.793582060368434,0.0
ADCY4,4,1.9807836338891271,0.0
AL049828.1,4,1.922676794772062,2.6344023038431963e-72
CCDC88C,4,2.8124266299010396,0.0
ISLR2,4,2.136254477256833,0.0
MRTFB,4,1.5003922206046725,1.1075846722687034e-145
MMP15,4,1.1104855326837733,3.8851943316203132e-59
NETO1,4,1.483338878151955,6.424376290408867e-178
PREX1,4,2.7417687222576483,0.0
LAMA5,4,1.989591583478322,0.0
UPB1,4,1.2418369792323753,4.8120325782175745e-111
DIAPH2,4,2.9676032685238147,0.0
MAMLD1,4,1.794489107149234,0.0
SPRY3,4,1.4931958854212435,8.486468090551006e-161
PRKY,4,1.7686247163737794,0.0
HES5,4,1.8792999399825092,1.3645814493008977e-243
CCN1,4,1.607676885194921,1.2826344619320549e-231
ZFP36L2,4,1.925294089093592,0.0
COBLL1,4,2.459741151708441,0.0
LMCD1,4,3.0159094160390927,0.0
RFTN1,4,3.1270479618596942,0.0
CRYBG3,4,2.222053745820676,0.0
ANXA3,4,1.512875634929466,0.0
MSMO1,4,1.4030653029318363,1.884756306548966e-149
VEGFC,4,3.053192982792476,0.0
HMGCS1,4,1.295978280904791,2.3720605737762826e-144
ARL15,4,3.3220616546301227,0.0
PLPP1,4,3.2014686983636427,0.0
RASGRF2,4,2.2950771045497302,0.0
DST,4,2.0071028960288517,0.0
CD109,4,2.226695282078979,0.0
AC002066.1,4,1.3131020045545307,2.7310802823322106e-114
PRSS51,4,2.698134287148263,0.0
PSD3,4,1.5113721739586228,7.010347084294555e-218
CSGALNACT1,4,3.06453145211027,0.0
SOX17,4,2.404964153202502,0.0
AC090577.1,4,0.64693383826821,7.212265175711472e-05
PREX2,4,2.5201712423768483,0.0
AIF1L,4,2.1761769634683645,0.0
DEPP1,4,1.8721955843495937,0.0
EXOC6,4,2.1263041900936415,0.0
DISC1FP1,4,1.7399569222657214,4.766982520712401e-227
CASP4LP,4,2.344761967135513,0.0
EMP1,4,2.9688740428383946,0.0
ACVRL1,4,1.8384386684401046,0.0
SYT1,4,1.317372251785249,0.0
TNFRSF19,4,1.7490406488256607,0.0
KLF12,4,1.6746860641610914,4.0591663030577055e-158
AL365295.1,4,1.5281637925507996,1.1556620029455106e-26
JAG2,4,3.1383910892094242,0.0
DPH6,4,1.2058003813092644,2.1306439953331927e-36
DLL4,4,2.151078131517983,0.0
LPCAT2,4,2.0532588696848393,0.0
PLCB4,4,2.2097978043420676,0.0
JAM2,4,2.687723226059658,0.0
AP001605.1,4,2.253649961616401,0.0
LINC01695,4,3.190404785548293,0.0
CLDN5,4,2.958157834217025,0.0
MIR503HG,4,1.6576264309855113,2.764268376020699e-114
LIMS2,4,1.5057813547639418,0.0
MAP2,4,1.1350332494432076,3.1094137477427605e-156
ADGRL3,4,2.1950493195428007,0.0
AL133346.1,4,3.939750110685983,2.3557668693349077e-50
LINC02539,4,1.3290951509543003,8.2139489500557e-15
HOTAIRM1,4,3.647111740829295,7.271097661444698e-141
ZBTB16,4,3.961592057467267,1.326161334486248e-59
GAS6,4,1.7931353131087517,2.0190324100313044e-256
ATAD2,5,0.810199471460092,1.0421010584269032e-35
ELAVL4,5,0.7677438742678407,3.292748394257913e-08
DNAJC9,5,1.5026943314035628,1.002812538508714e-21
TENM4,5,1.7740009571906676,4.0405227725889675e-12
UHRF1,5,1.314011605858083,1.789973289271474e-09
MYOCD-AS1,5,2.5736165383576677,7.683922265878157e-16
E2F1,5,0.8996681837094636,6.510379609551623e-10
CDCA7,5,0.8376767823103801,2.756285454880734e-26
H1-4,5,1.2389990108321252,4.027947690950268e-06
CLSPN,5,1.3938891257101822,2.801039001887219e-27
CDC20,5,1.3175269823781428,5.1256491715182915e-61
KIF2C,5,1.0716018416043747,2.68838600235602e-40
DEPDC1,5,1.2708373456699775,2.0744211126336739e-53
GPSM2,5,0.897748755238386,1.141034241333272e-18
PSRC1,5,0.888791466805817,3.73975665507365e-19
CKS1B,5,1.3005450939895942,3.8698943233699836e-35
IQGAP3,5,1.7932089561937286,8.839749065321073e-39
ASPM,5,1.5592119814381382,1.1068692113205659e-97
KIF14,5,1.3455941178649788,2.5433814179041355e-35
NEK2,5,3.150989135651779,2.3348269035005473e-27
DTL,5,0.8373879232408955,1.1937068495672215e-27
CENPF,5,1.6094518961531488,1.6991997509024223e-103
CENPA,5,1.160745771021487,3.879864619200857e-39
BUB1,5,1.2001762389187018,2.85321922744832e-46
CKAP2L,5,1.398896618593958,4.193524929508422e-59
HJURP,5,2.2223315609499537,7.054048238413582e-32
FEZF2,5,0.46049710762540197,3.797529973978395e-05
MCM2,5,1.3106046252890846,5.613821522477988e-08
TACC3,5,2.2886667256680044,1.2499646348587277e-28
NCAPG,5,2.317917640805633,1.8772552529732022e-69
NMU,5,3.6565090275693586,8.842896733084546e-10
CCNA2,5,2.97654651272609,3.022233844520034e-77
CTNND2,5,0.49277451766688396,2.1976826478742697e-05
LMNB1,5,1.4824053074074748,2.4082002591089142e-67
KIF20A,5,1.3528449969743261,1.5234109622158724e-45
PTTG1,5,1.6456477052502905,2.462081492240931e-65
HMMR,5,1.5232618505295699,3.128409803451235e-62
MXD3,5,1.2515234181203234,5.671714654423587e-16
H1-3,5,2.330286359420312,5.4136393312643664e-27
H1-5,5,4.226519820210415,6.79532618044572e-29
H2AC17,5,1.4633416465881128,1.3825919794171727e-18
KIFC1,5,1.6597328855158795,2.2429983510656947e-46
FABP7,5,0.7519909393151929,5.368528903794039e-15
CENPW,5,1.0066131477704983,1.0268698648211704e-35
RPA3,5,0.8341205075466882,6.730393694730516e-17
CDCA2,5,1.1139347811791849,2.274141386376377e-44
PBK,5,1.4844957942298547,1.701904804409377e-69
MCM4,5,1.204845454718809,5.707269602884969e-10
NKAIN3,5,0.762284886015085,8.795082779206956e-24
MELK,5,1.165340694613164,7.667450263818158e-52
SMC2,5,0.7472092458893125,2.4053371820729224e-27
LHX2,5,0.8808526585801504,5.616488940767979e-24
ZWINT,5,1.5033554872934027,2.720448100403471e-23
CDK1,5,2.214758657294127,5.379663469182666e-92
KIF20B,5,1.359771998680707,1.1657262140919312e-49
KIF11,5,2.4856052269231252,2.445213248548905e-74
CEP55,5,1.3096629350494575,6.594830436623897e-50
MKI67,5,1.633130819926178,9.065123334375564e-97
KIF18A,5,1.1966044570905456,7.071518447649173e-36
PAX6,5,0.6197343734581224,2.221095385843932e-10
CHEK1,5,0.6682138195070992,9.537681999376606e-27
RAD51AP1,5,1.4693217570986015,2.9858911045844756e-49
CDCA3,5,2.286675449230056,1.2248373370204739e-26
TROAP,5,1.4765708735440146,1.8072665819226727e-33
RACGAP1,5,1.3187723413048515,2.874064713445184e-33
RMST,5,0.45314657771394273,4.081711093149476e-08
PARPBP,5,1.0585695690818167,1.0410040948074454e-37
CIT,5,1.240573920354879,4.594134038550337e-55
CKAP2,5,1.7101004522911958,4.545912089915793e-39
DIAPH3,5,1.91256580307754,5.6571770010530455e-77
FOXG1,5,0.7710369846658791,3.5171942631739684e-21
LINC01551,5,0.827098569193299,5.080334615054621e-18
DLGAP5,5,1.6453732124715614,8.905202363952286e-65
CEP128,5,1.245027451075743,6.038818535866837e-41
ARHGAP11A,5,1.1052615646592432,1.0866178530658858e-38
KNL1,5,1.467393310110967,3.988317804609965e-69
KIF23,5,2.0141287974278548,1.4463244318406873e-81
FANCI,5,2.053524272285092,2.887213166535353e-26
PRC1,5,2.3518619271350394,3.331204494411114e-68
HBA1,5,0.7758483563826811,3.751925649361962e-11
PKMYT1,5,1.6390718306454684,6.133892825077755e-11
RMI2,5,0.9289999895255261,3.500527395085861e-05
KIF22,5,1.238721908647865,8.177946410741871e-25
LINC01572,5,1.6771530564533266,4.9147536619096957e-11
CENPN,5,0.9961415592712317,5.900418337868756e-15
GINS2,5,0.9506802101219041,1.597622284756281e-08
PIMREG,5,1.6642368489378923,1.9176611458987383e-37
CENPV,5,0.7268702707089851,1.6063810652568099e-18
KIF18B,5,1.9537727585577338,2.2901500609155747e-45
PRR11,5,1.272627781581071,5.404345612477642e-38
BRIP1,5,1.9458047954714977,3.6240657921864214e-34
NDC80,5,1.5236980562640903,1.3509136552318085e-65
MIR924HG,5,1.1307101510192132,7.593087091860363e-39
PCNA,5,0.6450258127722857,1.0442974268758111e-13
AURKA,5,0.8956534199043444,2.9684354669299937e-23
CENPM,5,2.843729074096034,3.199301561391688e-07
GTSE1,5,1.4459351428310012,5.438698143036049e-62
AC073529.1,5,1.4915000994307008,3.202405071181173e-41
ARX,5,0.5491331522119983,4.044647644311968e-08
KIF4A,5,1.2337946380676186,4.0760057180959975e-53
TMSB15A,5,1.0172654919331974,4.5297014937863026e-26
CDCA8,5,2.9514997960537857,9.922237874370488e-48
NUF2,5,1.366314962575815,1.7391075840908388e-63
UBE2T,5,1.5256750528820457,2.6094999821866935e-44
RRM2,5,1.919921100840101,9.6882982157081e-49
SPC25,5,1.7317230052448997,2.3966750807089543e-60
KIF15,5,2.766355763883611,1.1720204748641278e-54
POLQ,5,0.9249723524702937,3.103355668146852e-32
ECT2,5,1.4693404540845387,3.3079672687885815e-34
CENPE,5,1.34909805129111,5.016498751145553e-59
MAD2L1,5,1.3146778559877177,1.0669845811138037e-72
HMGB2,5,1.4692211460845452,4.270949460788201e-82
CENPU,5,1.1944450278513066,4.7513244559438724e-36
DEPDC1B,5,0.8930048302466523,5.709167436714796e-29
CENPK,5,1.1156007172590363,1.6544175354011358e-61
CCNB1,5,1.2868676522528553,8.137623233730688e-55
CDC25C,5,1.364552353220081,8.09951711206505e-20
H4C3,5,1.3014481610499347,1.3843986980410226e-32
TTK,5,1.261442858499922,6.87745181557365e-53
ANLN,5,1.1701569173261739,8.056879615384553e-44
ESCO2,5,1.8863493019980364,1.0403832921107508e-36
GGH,5,1.8520252609563852,1.7411192108551198e-37
AC104389.6,5,0.7678742541263939,2.969883913019301e-29
CDKN3,5,1.9034201310575192,1.5159879919286009e-34
NUSAP1,5,1.4399628270993516,1.7488421414902838e-45
CCNB2,5,1.3599708788584781,2.307330784376611e-38
PLK1,5,1.040934508772035,1.3274095779439978e-26
AURKB,5,1.1891197747713989,7.590666235939113e-48
TOP2A,5,1.6729152670934264,7.427797013712917e-119
KPNA2,5,2.1801529679294607,1.283200994839357e-26
TK1,5,1.1296602893408303,5.209199197079604e-34
BIRC5,5,1.606299525309166,1.1798566157379554e-80
TYMS,5,1.2665950858523012,6.919935116411988e-71
TPX2,5,1.400524309419565,2.653046185308557e-86
MYBL2,5,2.831792474534285,1.2906267230302123e-17
UBE2C,5,1.613258155245154,2.5200989639673128e-105
AL391645.1,6,1.7731493451243254,2.6119037819180113e-06
CRYGB,6,3.7528604926174096,2.0710240970025593e-49
AC104619.1,6,3.3174897045184237,2.446670222245725e-35
L3MBTL4-AS1,6,4.284174848299604,2.946354893375728e-62
AL139288.1,6,4.025261337448997,2.7948205317403954e-15
FOXD3-AS1,6,5.372386165666699,1.7627857380911133e-42
AC241377.3,6,11.046223215838925,2.436475597202891e-108
M1AP,6,3.6879998593356342,5.698298322423695e-11
DNAJC19P6,6,3.581123144700987,1.2159354797277178e-16
LINC02699,6,13.264216731239188,6.720364791214051e-214
LINC02231,6,11.064620728351962,1.867860058817451e-110
SYNE4,6,6.254329677717864,2.523545061554235e-25
ATP8A1,6,1.8469503931308635,8.98961347001124e-214
CCDC7,6,1.756363479005316,1.6612638502321958e-27
LDB3,6,1.031665194214704,1.103029796500668e-05
NEGR1,6,2.5927727888837957,0.0
AL513166.1,6,2.860610810538674,0.0
ST6GALNAC5,6,0.7701547444633022,1.0638567661150758e-11
LTBP1,6,2.0736113580459503,1.5184575996521818e-281
DHRS9,6,1.6923433950305804,2.2368226477136185e-119
AMT,6,0.8789519112785583,9.8223695242275e-10
TAFA1,6,0.611962372811412,7.280620783191018e-11
ALCAM,6,4.086120971030105,0.0
STXBP5L,6,1.3361591827597932,8.471382689010628e-191
HS3ST1,6,2.0840903505392636,0.0
NWD2,6,1.9778499755296153,3.1905654759308345e-95
SLC1A3,6,1.200138985713694,1.937523188020748e-155
LINC02208,6,3.828959496354139,0.0
PRR16,6,0.5432986495392021,4.661078108587163e-39
ADAMTS19,6,2.268931833633297,1.3502800277719228e-06
AC109466.1,6,0.9649238417158426,2.447215109586808e-14
BMP5,6,1.3606971213120647,9.536086342523773e-71
SNAP91,6,0.8507755995553403,1.2800743339703282e-20
CNR1,6,2.67277672205235,0.0
TBC1D32,6,1.79691326034395,2.7328038467100994e-13
TRDN-AS1,6,0.9335275027006569,2.749437591280018e-26
NKAIN2,6,2.6029847982302012,0.0
LAMA2,6,1.7309340478226012,5.624941196827784e-85
ENPP3,6,1.758168040929729,1.6292448272651545e-191
MAP3K5,6,4.229377211126648,3.784560277165545e-100
PRKN,6,0.9412974066916171,8.281860368345562e-43
NXPH1,6,1.874601574179594,1.2931382850680538e-191
COBL,6,0.7130689271375743,2.568345413231384e-29
CNTNAP2,6,1.0540360851299415,2.807688703087223e-22
PENK,6,1.3942788919679354,5.5698800633092315e-217
LINGO2,6,4.84871514320891,9.247590368949013e-95
FRMD3,6,0.5703842121787012,6.53483668340359e-33
CTSV,6,2.933560996718303,0.0
AL590705.1,6,0.5685568948198023,3.488068069537262e-05
MIR181A2HG,6,0.9518054317658693,5.223773656913826e-15
SCD,6,1.8901135643363325,1.6486134855758266e-237
SOX6,6,2.041755089126456,0.0
LUZP2,6,2.192698590429166,2.0697854564464744e-228
AC004241.1,6,0.9081121841663695,5.461292614268986e-16
HMGA2,6,1.5717517443551303,1.036131144094319e-130
TSPAN8,6,3.408812430640799,0.0
LGR5,6,2.7621593538205875,0.0
LINC02413,6,4.66358055118221,1.4115459722181679e-40
TBX5,6,1.6576284790105174,6.504417248751183e-106
TBX5-AS1,6,0.8214038642136009,9.98857895637326e-13
TMEM132D,6,2.6295086456963856,0.0
ENOX1,6,1.937916617890093,0.0
BMP4,6,6.167327259242308,0.0
AC008056.1,6,1.3187132716165424,3.472778954616189e-83
CTXND1,6,2.183223671376899,1.9094709683384817e-28
AC015574.1,6,2.289972019846467,1.9529467762601776e-177
SERPINF1,6,1.3782608935418357,7.385263225631897e-197
SOST,6,1.1613256018249487,5.876148428867261e-31
CA10,6,0.8753323097354503,3.2493140690956025e-31
LGALS3BP,6,3.081185438668664,3.4841522947217247e-08
NCAM2,6,2.079876757015924,9.692934323795853e-215
BAIAP2L2,6,0.694001102988234,4.809595478366312e-30
PHF21B,6,0.49867595949937177,3.017406202712588e-17
WNT4,6,4.76943864504175,0.0
DAB1,6,3.7749246729386985,1.970386929524613e-11
AC239800.2,6,0.9723020987828623,1.8884134618128895e-59
AC239860.4,6,0.7834752872669193,6.153900684702393e-09
H2BC21,6,0.9797019849486323,1.060808124953082e-31
S100A6,6,2.430898663296629,0.0
S100A4,6,2.3688740652600924,0.0
IGSF9,6,2.094681857428769,1.2451689594126328e-52
SLAMF9,6,1.0801870693618434,1.1810856940963787e-16
LINC01133,6,4.144169853951805,4.566842197970819e-225
RGS4,6,4.094426842340311,2.712771040038744e-19
F5,6,7.819235062865946,0.0
SELL,6,4.16437615458373,0.0
KISS1,6,4.570295749132632,0.0
AC093422.1,6,2.917461624104419,3.498340020658201e-08
RAB7B,6,1.1525088864382682,3.107012696509166e-93
CD55,6,3.7772257444172963,0.0
CR1L,6,4.508900501375589,0.0
SLC8A1,6,2.3642171998912795,4.837369499978443e-215
BCL11A,6,0.9137179183891853,1.0138308279642962e-27
DPP10,6,1.5200988118974212,5.959690591938124e-101
LCT-AS1,6,11.818762462234266,1.1764843260029105e-18
NXPH2,6,0.8406214550097785,4.273894416757997e-53
KCNH7,6,3.7403052244384694,0.0
ERC2,6,2.1760294903418576,5.898604783015552e-254
EPHA6,6,1.7211667908521102,7.9878286097322345e-109
IL1RAP,6,2.1982975958041684,5.433738026105512e-103
AC024230.1,6,3.6900554874859797,0.0
SLIT2,6,1.9585764147958562,2.8227534218233915e-186
OCIAD2,6,2.112614776329382,0.0
AC092445.1,6,1.356440222455218,9.716841865856966e-14
ARSJ,6,7.305365764307725,0.0
SYNPO2,6,0.9261960515943988,1.568568923811092e-14
HCN1,6,2.3965563299171757,1.7497257035690338e-201
KCNN2,6,1.8344129389671164,2.1225286469458757e-290
PRELID2,6,1.328629708769973,2.453195332666624e-126
SH3RF2,6,1.4170331416903614,6.576084385828626e-230
TENM2,6,3.956883706769463,1.9276659038974273e-147
WWC1,6,2.6327933037425404,3.89831294650615e-150
LTC4S,6,3.403610639906181,0.0
PI16,6,3.8184098024702036,0.0
KCNQ5,6,5.563725054013165,0.0
TPBG,6,3.922141140037278,0.0
UBE3D,6,1.2987511016572968,1.5914642742137303e-28
ME1,6,1.915502353980426,1.4795912741150304e-138
TBX18,6,2.0945919686586874,7.275423650836143e-29
SOBP,6,0.8678452524113953,9.960494655802452e-77
HEY2,6,2.6068785093934577,0.0
UST,6,2.155935043899709,2.380821550212847e-106
SLC22A3,6,0.9680468357842218,8.666130492820126e-81
LPAL2,6,1.8455707410915887,2.3561310669074686e-144
VWC2,6,0.5215146021879062,7.804912428709903e-10
GALNT17,6,2.711936661967975,5.077632606777487e-195
CALN1,6,0.5833806420928227,2.194517950226865e-09
WNT2,6,5.071452495744686,0.0
GRM8,6,2.406025713989788,1.1176044869350927e-172
PTN,6,0.5640692100376207,1.8245176322025126e-26
CSMD1,6,0.8150742365415744,3.284421098761209e-13
PLAT,6,3.8916518812554406,0.0
SLCO5A1,6,2.585408917123472,8.207109972473212e-09
AC087667.1,6,1.1150673470433765,1.620056554346026e-06
NTRK2,6,3.999742139965808,0.0
TMOD1,6,1.862008127762405,4.94224094382901e-133
TNC,6,4.078966507434324,3.390035429282003e-24
BRINP1,6,0.9371937792434191,1.422048741920478e-79
OLFML2A,6,2.526763288001072,0.0
LAMC3,6,3.051822882261093,0.0
PTGDS,6,2.167669674292227,4.73714011319487e-214
NET1,6,1.9302923935495808,0.0
CAMK1D,6,2.316359981010826,0.0
GPR158,6,0.611449689005307,1.5116147518990752e-12
MAP3K8,6,1.417465021133831,4.413815307801499e-93
KCNMA1,6,9.187287422516114,4.027605601686711e-112
PPP1R3C,6,1.912090854395977,2.6938154464805708e-102
ADRA2A,6,1.0447260924222193,4.536007288416584e-15
OR52K3P,6,2.661345477031019,1.474803227546309e-109
CCDC34,6,2.3695937818220916,3.0041441600058567e-69
CD44,6,2.633245882309172,0.0
CD82,6,1.7293944445523106,9.142884091787144e-225
GLYATL2,6,2.6928421892600234,2.95488353928777e-74
AP002989.1,6,2.945071325060049,0.0
CD3E,6,2.4906834219306506,3.3495139189124147e-06
CLMP,6,2.2087385193807036,1.4646425899069109e-254
ADAMTS15,6,3.465749775463051,5.514286888627955e-245
PRMT8,6,2.751659227291538,0.0
PTHLH,6,8.88157434478685,0.0
LIN7A,6,0.9581746136948133,4.644291340856081e-15
NTN4,6,5.5345974497584685,0.0
LINC02457,6,1.738000554103204,1.7604873227640873e-58
FREM2,6,0.8266150348032918,2.6981307873405743e-65
PRKD1,6,1.0375563568838733,2.415805774345579e-51
NFKBIA,6,1.4231246104735193,1.741060271741935e-107
LINC00520,6,3.606079351781033,0.0
AL160191.3,6,1.9271823966489507,3.907715689536764e-09
DPF3,6,1.3531270241930395,5.3668928955300156e-79
LINC02296,6,4.757295915155717,0.0
LINC02330,6,1.7595397136752151,1.0814281655048816e-56
IFI27,6,2.887327695884145,0.0
CKB,6,2.2682535242627186,3.4875902347935704e-270
DPH6-DT,6,1.5482219196218079,4.979498784877468e-95
LRRC49,6,0.5875146401929707,3.3096816778324686e-05
CEMIP,6,2.8455857488258913,1.8127396366494633e-220
RBFOX1,6,2.4800495781761422,0.0
HP,6,0.9835383932090116,9.746560631306221e-14
VAT1L,6,3.3480797618065576,0.0
SP6,6,2.8369851538629094,0.0
TSPOAP1,6,0.686610689893353,1.6999684536365204e-12
SNHG25,6,1.1103410508365694,2.216961092995224e-25
LINC01497,6,1.8724651087097166,4.0525828689406664e-80
KCNJ16,6,1.0250052096874926,6.924024144674519e-27
KCNJ2,6,3.266614202693474,0.0
JPT1,6,1.6909525929908071,2.176391865546525e-121
APCDD1,6,2.625067195219403,0.0
CDH2,6,4.299433295570807,2.3114905323909897e-62
FHOD3,6,2.268223163850003,3.323023421189479e-95
HMSD,6,1.6978595952382791,1.2536393286381118e-50
KLF2,6,2.859204807944317,1.452188453274447e-201
HAMP,6,1.0956871796699867,5.27897273947497e-71
DMKN,6,0.919334293354966,1.3990248985972705e-35
C19orf33,6,1.779431111216168,4.105738879605077e-155
IGFL2,6,4.854855204806475,0.0
MATN4,6,0.9089164453710635,1.2640301357957693e-05
GATA5,6,2.9303260033229184,0.0
EEF1A2,6,2.557563294410131,4.435024916748729e-169
ADAMTS5,6,2.199800555029531,2.0895966353993978e-150
S100B,6,1.4300559883252246,3.0310230475951424e-79
SDF2L1,6,1.0264702590989407,9.454848554211742e-30
SEZ6L,6,0.43826886711546287,1.49812366154177e-07
AC004470.2,6,1.6390428090945575,1.523159084715543e-50
NDP,6,6.501149495632813,0.0
BEX1,6,3.2771288208510403,0.0
PAK3,6,3.1259055744740176,0.0
HS6ST2,6,2.271824270411595,4.971542828420511e-15
LINC00894,6,1.7281567431427005,2.4984980098508714e-176
RNU6-514P,6,2.4218166468611892,3.1077518674714633e-16
AC096536.3,6,0.9364313866181071,4.361582471861055e-10
EREG,6,5.555563468673709,3.0998444038187154e-16
AC007029.1,6,20.912052707712498,1.3290602246856098e-80
MARK1,6,0.9849116416465389,2.8993793701828723e-155
RNVU1-8,6,4.290132475511696,1.2397760088449525e-29
SLC7A11-AS1,6,2.9028957130010387,1.7130393150118537e-07
AC008957.2,6,3.113270481531105,5.590062993040841e-10
ACOT1,6,5.169536923586085,2.4001601822110583e-12
LINC00514,6,3.7919780236136016,7.801773240514179e-16
SLC38A5,6,2.9919710468098852,6.042139354928348e-13
ALPL,6,4.311859684821708,0.0
FAM124B,6,4.30385308066676,0.0
LINC01727,6,1.4513165421268177,1.7562006521663924e-09
CASC6,6,1.4733322858268396,7.196641493894895e-22
LINC02855,6,2.835973920576276,4.406477399585309e-22
AL157893.1,6,3.6817408722176106,1.475812146740217e-50
LINC02681,6,2.372151732706768,2.259141484338938e-12
LINC00368,6,2.822150806248061,3.6047728292889e-24
ABCB10P4,6,3.090024596410204,1.4849305344832528e-29
AC006504.2,6,1.7356421787165044,3.6232516044040016e-06
CXCR4,6,3.0117467645206735,0.0
ADCYAP1R1,6,0.737563597394567,4.948238725709933e-07
ASXL3,6,1.0136700682901167,5.945532129981265e-44
CCDC27,6,4.728309504135152,3.1593403846437806e-34
RNU5E-4P,6,2.948975042307778,7.703348519126226e-07
HPCA,6,3.222399699124499,3.613968221803546e-13
Z99758.1,6,3.824121261013942,4.544327958618142e-20
NOTO,6,3.8062637935727754,3.6691415461784474e-32
TRIM64FP,6,7.060908486741312,3.5353592012782814e-71
ZNF385D-AS2,6,5.499669713462151,5.0192215738953405e-55
AC104187.1,6,15.539714237462729,1.3326803245356619e-98
LINC00604,6,3.855749250838971,8.892082021142747e-35
AC000061.1,6,3.6391615895285208,6.417356205544265e-19
MRGPRF-AS1,6,5.4414520833582545,1.872952878045357e-49
AC243972.1,6,4.77166891608014,4.235269042649903e-44
AC091078.1,6,9.731414540715981,2.829842975737842e-30
AC022211.3,6,3.7727379119667788,3.248119791817762e-17
AC008753.3,6,4.07443240157218,1.7905108820063593e-30
TMEM190,6,7.699462878979255,7.3961379069089675e-84
PSMD10P1,6,6.5126394804303676,2.3299270008933012e-91
SCUBE1-AS2,6,3.8266739304961948,1.1073280863101605e-22
AL022162.1,6,6.3919913572579965,3.2764774209108824e-11
VCAM1,6,1.1264906979392428,5.577519314310821e-12
CELF2,6,1.7015277117937606,6.799634387795407e-95
LINC02440,6,28.766350125492227,3.89808452391276e-181
LGALS14,6,3.204634181053457,7.586682926037145e-17
USPL1,6,0.6976360362654443,4.609108287614195e-14
IMMP2L,6,1.8012006216407759,1.8079890412234643e-119
CNTN5,6,0.8942641024115597,6.913497504440488e-36
OBI1-AS1,6,1.8809639031090368,1.9291744838107543e-11
AL050309.1,6,0.8691041200734302,3.1101193916314108e-24
GJA4,6,2.6080705148271863,0.0
PTGFRN,6,2.427406391377772,0.0
SLC8A1-AS1,6,1.5742455709970478,1.7027209391794222e-73
MMADHC-DT,6,0.7476992946098966,3.8901113484055783e-16
AC011346.1,6,2.2662933592109153,8.538849823361717e-16
HS3ST5,6,1.0034210261874268,1.2455298265806582e-34
AC004879.1,6,0.5585237813818996,2.1180121844358032e-14
APOA1,6,4.066793063063991,0.0
FUT8,6,2.064614822448441,0.0
NEXMIF,6,1.3413041748776782,9.819483838895917e-67
PRDM16-DT,6,2.957300279956935,0.0
PRDM16,6,3.0408682219347973,0.0
IFI6,6,1.239786057752291,2.0063025623515445e-140
PIK3R3,6,2.5363443632940745,0.0
IFI44L,6,1.5667262601850624,4.291228376375555e-134
DPYD,6,1.24972230044376,1.472159074489541e-91
TSPAN2,6,3.24932432178788,0.0
GJA5,6,4.698828379149421,0.0
CFH,6,2.869219750547141,0.0
SOX13,6,2.343766650193281,0.0
PIK3C2B,6,2.576045333795624,0.0
PTPN14,6,2.425163758824474,0.0
CYP1B1-AS1,6,4.555224772743255,8.843069516661505e-110
MERTK,6,2.515276754746364,0.0
PLAC9P1,6,3.8783642263779496,0.0
LINC01856,6,1.2946079087268212,6.05334571751047e-55
NR4A2,6,3.739950202520829,9.376370938380066e-154
GPD2,6,1.2142420574202226,6.663745101771416e-58
AC019197.1,6,1.9482398663249891,8.03882176262292e-186
SERPINE2,6,3.6528601026324417,0.0
AC019068.1,6,0.8355190435616202,1.5122623784574284e-59
SEMA3G,6,3.9289515720905928,0.0
SIDT1,6,2.4832405996242777,0.0
AC092954.1,6,0.6402016024420473,3.3178212170821926e-10
AC005699.1,6,2.7902331832789695,4.029188182962521e-30
SULT1B1,6,4.231039226072717,0.0
GRID2,6,0.841815589079506,2.9121277802888e-35
DKK2,6,5.493400838173326,0.0
FAT4,6,2.0512896015398,1.8620526710504127e-280
GRIA2,6,4.300655453193416,0.0
SORBS2,6,2.5183176146170947,1.1050760907803068e-139
EGFLAM,6,3.5505531628578706,0.0
ADAMTS6,6,2.4801410356049187,0.0
CARMN,6,1.1992452786165773,2.614299479171561e-80
SYNPO,6,1.7484549998679104,0.0
SH3PXD2B,6,2.208378026169762,0.0
GFOD1,6,2.9420535401249506,0.0
RNF144B,6,3.385178460674348,0.0
EGFL8,6,3.6427514877733382,0.0
EYS,6,4.093597950766297,0.0
CDK19,6,1.7780556682923976,5.24266703137145e-231
AMD1,6,1.8817074960930857,0.0
SYNJ2,6,3.1182842692586705,0.0
ABCB1,6,0.9646760538012578,1.016419674707974e-79
CDK14,6,1.7448600724776377,1.3505282013379317e-261
MET,6,3.2959150430965787,0.0
EBF2,6,5.341491847826033,1.6858668573794194e-22
CNBD1,6,0.8306649889406363,4.067766629969482e-22
LINC02055,6,1.685397633119202,8.317499986954714e-162
SLC45A4,6,2.2037200252055906,0.0
PCSK5,6,3.0848362943655863,0.0
GCNT1,6,2.064414067804324,0.0
GADD45G,6,1.6154078622268262,5.0495402304208635e-148
ASS1,6,2.6269921392555817,0.0
CLIC3,6,0.9581730498335892,3.686299924479787e-89
HACD1,6,1.7348777155818247,8.223485225671136e-110
NEBL,6,2.653015048001852,5.63093006230737e-256
CXCL12,6,3.3469685137829908,0.0
SRGN,6,2.744449482611758,0.0
MYOF,6,2.5808509162843,8.329132407592661e-237
CC2D2B,6,1.2308945783442153,5.514066255761616e-91
CAVIN3,6,1.1949100129766288,8.97597016053962e-125
NAV2,6,1.9730777644301645,5.20031886553022e-47
SOX5,6,2.393666116538731,0.0
STK38L,6,2.2027901907667458,0.0
CCDC91,6,1.6129325824429206,5.9568598201772905e-58
TAFA2,6,2.6890201705025043,0.0
NUDT4,6,1.1569356818383074,4.7076793479322025e-150
GPC6,6,3.9242102906784995,7.149305391841549e-76
AL355835.1,6,0.7487044349252838,3.2787618451689966e-11
LINC00639,6,3.0576871629942275,0.0
AC008050.1,6,1.9305965011326376,3.7728710321256165e-255
FBLN5,6,3.7964955161605833,0.0
AC104574.2,6,1.694882122319173,7.863375648776606e-287
TLN2,6,2.9260435030651437,9.040219503724346e-103
SMAD6,6,2.341109774687306,0.0
PLCG2,6,3.3887490895389196,0.0
SPECC1,6,3.4105230926975545,0.0
TTYH1,6,2.116955405061624,7.057948608773107e-27
JAG1,6,3.466851742508206,0.0
MYL9,6,1.2947937278010067,1.424400606825781e-132
PTPRT,6,0.9946908514698235,1.3864206634032942e-31
TOX2,6,3.273293647252709,0.0
TMEM47,6,2.678658416574273,0.0
FBLIM1,6,2.130350750963368,0.0
DDAH1,6,1.8333792458632012,9.166798827890773e-198
LINC01776,6,0.4185420907525216,5.081444426570814e-05
COL11A1,6,2.5348095024895416,0.0
C2CD4D-AS1,6,0.9526109178256816,6.712298984751137e-33
RGS5,6,2.5921913703227215,1.4772510057016237e-105
KCNT2,6,1.2381956267372343,5.897897038701665e-250
PLD5,6,3.694973428774298,0.0
AL591686.2,6,0.76812477251975,2.7875409281059877e-17
GDF7,6,1.4270617790520435,6.5396043217252875e-108
NRXN1,6,1.404300129498154,8.277884264724304e-30
LINC01122,6,0.7749455962792294,1.3395812040138357e-11
CYP26B1,6,5.677061430916574,0.0
LRRTM4,6,0.5442333959923386,4.899153951901658e-06
ZNF804A,6,0.4620078724065869,1.302839735837084e-15
LINC01473,6,0.993589133699428,7.195322321430458e-34
ERBB4,6,0.9262337111168114,1.217968708394464e-20
SPEG,6,0.8940972726224385,1.476340853315455e-23
CHL1,6,0.8596550274357172,3.331772064132117e-29
NUP210,6,0.7615363817317953,2.8196072131926117e-16
FBLN2,6,2.964222630224735,0.0
SGO1-AS1,6,1.1228262837638692,2.9992388219144237e-13
THRB,6,8.237284680556156,0.0
AC092422.1,6,4.352866319139803,1.0006978092336858e-32
GXYLT2,6,1.0945571231196527,7.5673163237993795e-59
CNTN3,6,0.9816898144243267,4.36516928870507e-30
COL8A1,6,7.449096487427827,0.0
ABI3BP,6,6.372639492595753,0.0
TRH,6,1.3662180128676114,1.7901453825856705e-96
COL6A5,6,6.829218586552907,1.8550043318346893e-06
CLSTN2,6,4.550325579539283,9.285282567637128e-89
AC068759.1,6,0.9843866977898403,4.59790321320101e-25
CYTL1,6,2.5425238741315352,0.0
KCNIP4,6,9.189858691671896,6.294255786304275e-122
UCHL1,6,1.405952053747678,3.6356194336950276e-121
GABRA2,6,1.0349710326989348,8.613377585541137e-08
RASL11B,6,4.802391643882265,4.605550755706343e-34
AC108941.2,6,2.1516823308416075,2.6582360073007708e-257
SULT1E1,6,3.1765958095123685,0.0
SLC4A4,6,3.008583163371521,9.359704964543723e-104
PARM1,6,0.4637462059000495,2.4152839338419726e-05
STBD1,6,1.070670637105998,1.2391026606881573e-05
EDNRA,6,3.593913754405136,5.5719528504554045e-19
CPE,6,3.4009211014462624,0.0
PLEKHG4B,6,1.4933630780792089,2.3561663565230287e-09
CDH18,6,0.6395246848052192,1.986926285001054e-06
GHR,6,0.9581466621210815,6.81581329858684e-34
SV2C,6,1.9962093181199239,1.8236292526222931e-146
PRDM6,6,5.161758833070223,1.3083350393540318e-06
BMP6,6,4.139139809683737,9.24282271358353e-237
EDN1,6,4.490063294049007,0.0
ID4,6,1.0311299391395066,3.7267715153578366e-58
CRISP3,6,1.5010469360726943,6.146296946708943e-107
COL21A1,6,0.8702076041037917,1.0828923020102586e-14
KHDRBS2,6,1.3696494316662529,9.270559253717709e-97
ADGRB3,6,1.5044747969557484,1.0714841313413391e-147
TENT5A,6,1.1931382844555685,6.259442068661853e-53
MRAP2,6,4.31458935996112,0.0
CGA,6,1.5459555153127063,6.2450392227070155e-06
AL356534.1,6,1.5232275814311638,1.3804862090013602e-118
RSPO3,6,2.3010110341711774,0.0
NPY,6,0.6617722820059352,7.59170660379043e-22
AC004540.2,6,2.3836315460469333,0.0
CLDN4,6,1.0281368389596288,1.612371572207156e-08
ELN,6,3.389286812826531,0.0
SEMA3C,6,1.0261012638130294,8.486100932493193e-33
ZNF804B,6,0.9706930099170921,6.103597637122389e-34
LRRC17,6,0.7503872510882836,1.3614236911551891e-18
SNTG1,6,0.7458329989493118,1.303893333187076e-09
TOX,6,2.720357541217348,0.0
SULF1,6,5.282559277725492,0.0
MMP16,6,1.7360558752462243,1.1215024820604341e-213
SLC26A7,6,1.6132043304241728,0.0
RUNX1T1,6,1.6066345963004847,7.787358440540475e-172
SCX,6,0.7922637804210496,1.1632038219370951e-06
FREM1,6,1.9159928124562018,0.0
BNC2,6,1.4500473809898022,4.1667850402166436e-35
MLLT3,6,3.238129542758816,8.705610725848287e-233
ENTPD1,6,1.9605590542166287,8.933535825216756e-183
SFRP5,6,7.735431055777394,2.5638396416794736e-292
PDE3B,6,0.9374090251200501,6.603978933008813e-36
BDNF,6,2.346351130433008,4.183697093974787e-287
PTPRJ,6,1.7721375929827223,0.0
CARNS1,6,0.67002534205565,4.7905734606537944e-17
PDGFD,6,1.7745776587897995,1.5338875271326953e-215
GRIA4,6,5.936697090500292,3.36595859458006e-122
CADM1,6,1.8985353138157792,0.0
PLEKHA5,6,3.0960441152909626,2.0045818266704343e-10
ITPR2,6,2.00038211564072,0.0
PDZRN4,6,3.181049957167189,7.267571845033322e-32
PRICKLE1,6,2.0938856675567,7.750260007540143e-46
MSRB3,6,1.5625907285077902,3.102111442967833e-213
GRIP1,6,1.6774796217398293,0.0
DCN,6,3.0444556218714856,1.9833974560278682e-48
NUAK1,6,2.465124746562277,0.0
NOS1,6,5.043557891526636,3.423920307500925e-190
MSI1,6,1.3640718458763783,1.288376259282543e-06
AL159156.1,6,10.884700309036466,5.425038607387597e-43
PCDH20,6,0.8702772891384529,1.3100373003285542e-41
POU4F1,6,2.710751271301124,0.0
HS6ST3,6,1.2490526919454303,2.608602926863022e-71
AL359502.1,6,18.814686406507107,1.3240531083450369e-65
FGF14,6,2.1826210000528805,0.0
NOVA1,6,1.4660307046170158,6.968660629206995e-73
LINC01550,6,2.348537280465452,9.94573773633921e-08
FAM189A1,6,1.3504511615470873,2.2848192047594553e-103
GCHFR,6,1.3822807760354492,4.801818038379964e-59
MFGE8,6,1.1135869670795449,1.0505837446848459e-35
NPW,6,1.410936745640475,3.9245897320703867e-175
PRSS33,6,0.8413486700929109,2.488106618143522e-24
TNFRSF12A,6,1.0305948871434802,4.957499175644153e-41
TOX3,6,0.508579934455495,2.2213847941965536e-05
MMP2,6,2.25042078065338,0.0
ADAMTS18,6,1.518864721188328,7.338318170935323e-71
FZD2,6,2.986011552484296,6.501582336737893e-29
ABCA6,6,15.794414227007165,6.321074894254945e-84
SYNGR2,6,1.4805682367653925,6.070070755032091e-110
EPB41L3,6,2.7366880052486415,4.97587416884395e-257
CDH7,6,1.2295263963018601,4.89441098992036e-76
AC114689.3,6,0.709296941958892,6.573799305694934e-13
CLEC4GP1,6,3.572556706727541,3.708132640166999e-86
BST2,6,2.159972504583739,0.0
LTBP4,6,2.537969102967565,0.0
NNAT,6,1.7039477705284714,4.177502396109113e-166
WFDC2,6,1.0626671812683364,2.1826229256481702e-05
CBX6,6,0.8477377437279413,3.352012924333917e-70
FBLN1,6,1.1217529770629882,4.185722421078267e-52
FRMPD4,6,2.388831776281033,9.293896221115913e-275
IL1RAPL1,6,2.559524116999438,0.0
DMD,6,1.5690434496559031,3.687363669971614e-166
AL591501.1,6,0.9766001556207606,6.807463958342524e-07
TSPAN7,6,3.13090452062453,1.447020860180691e-281
PCDH11X,6,8.203504139258387,7.98357960809285e-263
TCEAL2,6,1.5036851895363559,3.731891112518358e-31
NRK,6,1.6605578045817073,4.395945456689872e-202
LINC00632,6,1.138164722870693,3.0418155663883165e-71
AC010737.1,6,4.153273523283205,6.0930146869170754e-124
